      #Energy        TDOS-UP        TDOS-DOWN
     -50.83000       0.00000       0.00000
     -50.79000       0.00000       0.00000
     -50.75100       0.00000       0.00000
     -50.71100       0.00000       0.00000
     -50.67200       0.00000       0.00000
     -50.63200       0.00000       0.00000
     -50.59300       0.00000       0.00000
     -50.55300       0.00000       0.00000
     -50.51400       0.00000       0.00000
     -50.47400       0.00000       0.00000
     -50.43500       0.00000       0.00000
     -50.39500       0.00000       0.00000
     -50.35500       0.00000       0.00000
     -50.31600       0.00000       0.00000
     -50.27600       0.00000       0.00000
     -50.23700       0.00000       0.00000
     -50.19700       0.00000       0.00000
     -50.15800       0.00000       0.00000
     -50.11800       0.00000       0.00000
     -50.07900       0.00000       0.00000
     -50.03900       0.00000       0.00000
     -49.99900       0.00000       0.00000
     -49.96000       0.00000       0.00000
     -49.92000       0.00000       0.00000
     -49.88100       0.00000       0.00000
     -49.84100       0.00000       0.00000
     -49.80200       0.00000       0.00000
     -49.76200       0.00000       0.00000
     -49.72300       0.00000       0.00000
     -49.68300       0.00000       0.00000
     -49.64300       0.00000       0.00000
     -49.60400       0.00000       0.00000
     -49.56400       0.00000       0.00000
     -49.52500       0.00000       0.00000
     -49.48500       0.00000       0.00000
     -49.44600       0.00000       0.00000
     -49.40600       0.00000       0.00000
     -49.36700       0.00000       0.00000
     -49.32700       0.00000       0.00000
     -49.28700       0.00000       0.00000
     -49.24800       0.00000       0.00000
     -49.20800       0.00000       0.00000
     -49.16900       0.00000       0.00000
     -49.12900       0.00000       0.00000
     -49.09000       0.00000       0.00000
     -49.05000       0.00000       0.00000
     -49.01100       0.00000       0.00000
     -48.97100       0.00000       0.00000
     -48.93200       0.00000       0.00000
     -48.89200       0.00000       0.00000
     -48.85200       0.00000       0.00000
     -48.81300       0.00000       0.00000
     -48.77300       0.00000       0.00000
     -48.73400       0.00000       0.00000
     -48.69400       0.00000       0.00000
     -48.65500       0.00000       0.00000
     -48.61500       0.00000       0.00000
     -48.57600       0.00000       0.00000
     -48.53600       0.00000       0.00000
     -48.49600       0.00000       0.00000
     -48.45700       0.00000       0.00000
     -48.41700       0.00000       0.00000
     -48.37800       0.00000       0.00000
     -48.33800       0.00000       0.00000
     -48.29900       0.00000       0.00000
     -48.25900       0.00000       0.00000
     -48.22000       0.00000       0.00000
     -48.18000       0.00000       0.00000
     -48.14000       0.00000       0.00000
     -48.10100       0.00000       0.00000
     -48.06100       0.00000       0.00000
     -48.02200       0.00000       0.00000
     -47.98200       0.00000       0.00000
     -47.94300       0.00000       0.00000
     -47.90300       0.00000       0.00000
     -47.86400       0.00000       0.00000
     -47.82400       0.00000       0.00000
     -47.78400       0.00000       0.00000
     -47.74500       0.00000       0.00000
     -47.70500       0.00000       0.00000
     -47.66600       0.00000       0.00000
     -47.62600       0.00000       0.00000
     -47.58700       0.00000       0.00000
     -47.54700       0.00000       0.00000
     -47.50800       0.00000       0.00000
     -47.46800       0.00000       0.00000
     -47.42900       0.00000       0.00000
     -47.38900       0.00000       0.00000
     -47.34900       0.00000       0.00000
     -47.31000       0.00000       0.00000
     -47.27000       0.00000       0.00000
     -47.23100       0.00000       0.00000
     -47.19100       0.00000       0.00000
     -47.15200       0.00000       0.00000
     -47.11200       0.00000       0.00000
     -47.07300       0.00000       0.00000
     -47.03300       0.00000       0.00000
     -46.99300       0.00000       0.00000
     -46.95400       0.00000       0.00000
     -46.91400    6834.00000       0.00000
     -46.87500       0.00000       0.00000
     -46.83500       0.00000       0.00000
     -46.79600       0.00000       0.00000
     -46.75600       0.00000       0.00000
     -46.71700       0.00000       0.00000
     -46.67700       0.00000       0.00000
     -46.63700       0.00000       0.00000
     -46.59800       0.00000       0.00000
     -46.55800       0.00000       0.00000
     -46.51900       0.00000       0.00000
     -46.47900       0.00000       0.00000
     -46.44000       0.00000       0.00000
     -46.40000       0.00000       0.00000
     -46.36100       0.00000       0.00000
     -46.32100       0.00000       0.00000
     -46.28100       0.00000       0.00000
     -46.24200       0.00000       0.00000
     -46.20200       0.00000       0.00000
     -46.16300       0.00000       0.00000
     -46.12300       0.00000       0.00000
     -46.08400       0.00000       0.00000
     -46.04400       0.00000       0.00000
     -46.00500       0.00000       0.00000
     -45.96500       0.00000       0.00000
     -45.92600       0.00000       0.00000
     -45.88600       0.00000       0.00000
     -45.84600       0.00000       0.00000
     -45.80700       0.00000       0.00000
     -45.76700       0.00000       0.00000
     -45.72800       0.00000       0.00000
     -45.68800       0.00000       0.00000
     -45.64900       0.00000       0.00000
     -45.60900       0.00000       0.00000
     -45.57000       0.00000       0.00000
     -45.53000       0.00000       0.00000
     -45.49000       0.00000       0.00000
     -45.45100       0.00000       0.00000
     -45.41100       0.00000       0.00000
     -45.37200       0.00000       0.00000
     -45.33200       0.00000       0.00000
     -45.29300       0.00000       0.00000
     -45.25300       0.00000       0.00000
     -45.21400       0.00000       0.00000
     -45.17400       0.00000       0.00000
     -45.13400       0.00000       0.00000
     -45.09500       0.00000       0.00000
     -45.05500       0.00000       0.00000
     -45.01600       0.00000       0.00000
     -44.97600       0.00000       0.00000
     -44.93700       0.00000       0.00000
     -44.89700       0.00000       0.00000
     -44.85800       0.00000       0.00000
     -44.81800       0.00000       0.00000
     -44.77800       0.00000       0.00000
     -44.73900       0.00000       0.00000
     -44.69900       0.00000       0.00000
     -44.66000       0.00000       0.00000
     -44.62000       0.00000       0.00000
     -44.58100       0.00000       0.00000
     -44.54100       0.00000       0.00000
     -44.50200       0.00000       0.00000
     -44.46200       0.00000       0.00000
     -44.42300       0.00000       0.00000
     -44.38300       0.00000       0.00000
     -44.34300       0.00000       0.00000
     -44.30400       0.00000       0.00000
     -44.26400       0.00000       0.00000
     -44.22500       0.00000       0.00000
     -44.18500       0.00000       0.00000
     -44.14600       0.00000       0.00000
     -44.10600       0.00000       0.00000
     -44.06700       0.00000       0.00000
     -44.02700       0.00000       0.00000
     -43.98700       0.00000       0.00000
     -43.94800       0.00000       0.00000
     -43.90800       0.00000       0.00000
     -43.86900       0.00000       0.00000
     -43.82900       0.00000       0.00000
     -43.79000       0.00000       0.00000
     -43.75000       0.00000       0.00000
     -43.71100       0.00000       0.00000
     -43.67100       0.00000       0.00000
     -43.63100       0.00000       0.00000
     -43.59200       0.00000       0.00000
     -43.55200       0.00000       0.00000
     -43.51300       0.00000       0.00000
     -43.47300       0.00000       0.00000
     -43.43400       0.00000       0.00000
     -43.39400       0.00000       0.00000
     -43.35500       0.00000       0.00000
     -43.31500       0.00000       0.00000
     -43.27500       0.00000       0.00000
     -43.23600       0.00000       0.00000
     -43.19600       0.00000       0.00000
     -43.15700       0.00000       0.00000
     -43.11700       0.00000       0.00000
     -43.07800       0.00000       0.00000
     -43.03800       0.00000       0.00000
     -42.99900       0.00000       0.00000
     -42.95900       0.00000       0.00000
     -42.92000       0.00000       0.00000
     -42.88000       0.00000       0.00000
     -42.84000       0.00000       0.00000
     -42.80100       0.00000       0.00000
     -42.76100       0.00000       0.00000
     -42.72200       0.00000       0.00000
     -42.68200       0.00000       0.00000
     -42.64300       0.00000       0.00000
     -42.60300       0.00000       0.00000
     -42.56400       0.00000       0.00000
     -42.52400       0.00000       0.00000
     -42.48400       0.00000       0.00000
     -42.44500       0.00000       0.00000
     -42.40500       0.00000       0.00000
     -42.36600       0.00000       0.00000
     -42.32600       0.00000       0.00000
     -42.28700       0.00000       0.00000
     -42.24700       0.00000       0.00000
     -42.20800       0.00000       0.00000
     -42.16800       0.00000       0.00000
     -42.12800       0.00000       0.00000
     -42.08900       0.00000       0.00000
     -42.04900       0.00000       0.00000
     -42.01000       0.00000       0.00000
     -41.97000       0.00000       0.00000
     -41.93100       0.00000       0.00000
     -41.89100       0.00000       0.00000
     -41.85200       0.00000       0.00000
     -41.81200       0.00000       0.00000
     -41.77200       0.00000       0.00000
     -41.73300       0.00000       0.00000
     -41.69300       0.00000       0.00000
     -41.65400       0.00000       0.00000
     -41.61400       0.00000       0.00000
     -41.57500       0.00000       0.00000
     -41.53500       0.00000       0.00000
     -41.49600       0.00000       0.00000
     -41.45600       0.00000       0.00000
     -41.41700       0.00000       0.00000
     -41.37700       0.00000       0.00000
     -41.33700       0.00000       0.00000
     -41.29800       0.00000       0.00000
     -41.25800       0.00000       0.00000
     -41.21900       0.00000       0.00000
     -41.17900       0.00000       0.00000
     -41.14000       0.00000       0.00000
     -41.10000       0.00000       0.00000
     -41.06100       0.00000       0.00000
     -41.02100       0.00000       0.00000
     -40.98100       0.00000       0.00000
     -40.94200       0.00000       0.00000
     -40.90200       0.00000       0.00000
     -40.86300       0.00000       0.00000
     -40.82300       0.00000       0.00000
     -40.78400       0.00000       0.00000
     -40.74400       0.00000       0.00000
     -40.70500       0.00000       0.00000
     -40.66500       0.00000       0.00000
     -40.62500       0.00000       0.00000
     -40.58600       0.00000       0.00000
     -40.54600       0.00000       0.00000
     -40.50700       0.00000       0.00000
     -40.46700       0.00000       0.00000
     -40.42800       0.00000       0.00000
     -40.38800       0.00000       0.00000
     -40.34900       0.00000       0.00000
     -40.30900       0.00000       0.00000
     -40.26900       0.00000       0.00000
     -40.23000       0.00000       0.00000
     -40.19000       0.00000       0.00000
     -40.15100       0.00000       0.00000
     -40.11100       0.00000       0.00000
     -40.07200       0.00000       0.00000
     -40.03200       0.00000       0.00000
     -39.99300       0.00000       0.00000
     -39.95300       0.00000       0.00000
     -39.91400       0.00000       0.00000
     -39.87400       0.00000       0.00000
     -39.83400       0.00000       0.00000
     -39.79500       0.00000       0.00000
     -39.75500       0.00000       0.00000
     -39.71600       0.00000       0.00000
     -39.67600       0.00000       0.00000
     -39.63700       0.00000       0.00000
     -39.59700       0.00000       0.00000
     -39.55800       0.00000       0.00000
     -39.51800       0.00000       0.00000
     -39.47800       0.00000       0.00000
     -39.43900       0.00000       0.00000
     -39.39900       0.00000       0.00000
     -39.36000       0.00000       0.00000
     -39.32000       0.00000       0.00000
     -39.28100       0.00000       0.00000
     -39.24100       0.00000       0.00000
     -39.20200       0.00000       0.00000
     -39.16200       0.00000       0.00000
     -39.12200       0.00000       0.00000
     -39.08300       0.00000       0.00000
     -39.04300       0.00000       0.00000
     -39.00400       0.00000       0.00000
     -38.96400       0.00000       0.00000
     -38.92500       0.00000       0.00000
     -38.88500       0.00000       0.00000
     -38.84600       0.00000       0.00000
     -38.80600       0.00000       0.00000
     -38.76600       0.00000       0.00000
     -38.72700       0.00000       0.00000
     -38.68700       0.00000       0.00000
     -38.64800       0.00000       0.00000
     -38.60800       0.00000       0.00000
     -38.56900       0.00000       0.00000
     -38.52900       0.00000       0.00000
     -38.49000       0.00000       0.00000
     -38.45000       0.00000       0.00000
     -38.41100       0.00000       0.00000
     -38.37100       0.00000       0.00000
     -38.33100       0.00000       0.00000
     -38.29200       0.00000       0.00000
     -38.25200       0.00000       0.00000
     -38.21300       0.00000       0.00000
     -38.17300       0.00000       0.00000
     -38.13400       0.00000       0.00000
     -38.09400       0.00000       0.00000
     -38.05500       0.00000       0.00000
     -38.01500       0.00000       0.00000
     -37.97500       0.00000       0.00000
     -37.93600       0.00000       0.00000
     -37.89600       0.00000       0.00000
     -37.85700       0.00000       0.00000
     -37.81700       0.00000       0.00000
     -37.77800       0.00000       0.00000
     -37.73800       0.00000       0.00000
     -37.69900       0.00000       0.00000
     -37.65900       0.00000       0.00000
     -37.61900       0.00000       0.00000
     -37.58000       0.00000       0.00000
     -37.54000       0.00000       0.00000
     -37.50100       0.00000       0.00000
     -37.46100       0.00000       0.00000
     -37.42200       0.00000       0.00000
     -37.38200       0.00000       0.00000
     -37.34300       0.00000       0.00000
     -37.30300       0.00000       0.00000
     -37.26300       0.00000       0.00000
     -37.22400       0.00000       0.00000
     -37.18400       0.00000       0.00000
     -37.14500       0.00000       0.00000
     -37.10500       0.00000       0.00000
     -37.06600       0.00000       0.00000
     -37.02600       0.00000       0.00000
     -36.98700       0.00000       0.00000
     -36.94700       0.00000       0.00000
     -36.90800       0.00000       0.00000
     -36.86800       0.00000       0.00000
     -36.82800       0.00000       0.00000
     -36.78900       0.00000       0.00000
     -36.74900       0.00000       0.00000
     -36.71000       0.00000       0.00000
     -36.67000       0.00000       0.00000
     -36.63100       0.00000       0.00000
     -36.59100       0.00000       0.00000
     -36.55200       0.00000       0.00000
     -36.51200       0.00000       0.00000
     -36.47200       0.00000       0.00000
     -36.43300       0.00000       0.00000
     -36.39300       0.00000       0.00000
     -36.35400       0.00000       0.00000
     -36.31400       0.00000       0.00000
     -36.27500       0.00000       0.00000
     -36.23500       0.00000       0.00000
     -36.19600       0.00000       0.00000
     -36.15600       0.00000       0.00000
     -36.11600       0.00000       0.00000
     -36.07700       0.00000       0.00000
     -36.03700       0.00000       0.00000
     -35.99800       0.00000       0.00000
     -35.95800       0.00000       0.00000
     -35.91900       0.00000       0.00000
     -35.87900       0.00000       0.00000
     -35.84000       0.00000       0.00000
     -35.80000       0.00000       0.00000
     -35.76000       0.00000       0.00000
     -35.72100       0.00000       0.00000
     -35.68100       0.00000       0.00000
     -35.64200       0.00000       0.00000
     -35.60200       0.00000       0.00000
     -35.56300       0.00000       0.00000
     -35.52300       0.00000       0.00000
     -35.48400       0.00000       0.00000
     -35.44400       0.00000       0.00000
     -35.40500       0.00000       0.00000
     -35.36500       0.00000       0.00000
     -35.32500       0.00000       0.00000
     -35.28600       0.00000       0.00000
     -35.24600       0.00000       0.00000
     -35.20700       0.00000       0.00000
     -35.16700       0.00000       0.00000
     -35.12800       0.00000       0.00000
     -35.08800       0.00000       0.00000
     -35.04900       0.00000       0.00000
     -35.00900       0.00000       0.00000
     -34.96900       0.00000       0.00000
     -34.93000       0.00000       0.00000
     -34.89000       0.00000       0.00000
     -34.85100       0.00000       0.00000
     -34.81100       0.00000       0.00000
     -34.77200       0.00000       0.00000
     -34.73200       0.00000       0.00000
     -34.69300       0.00000       0.00000
     -34.65300       0.00000       0.00000
     -34.61300       0.00000       0.00000
     -34.57400       0.00000       0.00000
     -34.53400       0.00000       0.00000
     -34.49500       0.00000       0.00000
     -34.45500       0.00000       0.00000
     -34.41600       0.00000       0.00000
     -34.37600       0.00000       0.00000
     -34.33700       0.00000       0.00000
     -34.29700       0.00000       0.00000
     -34.25800       0.00000       0.00000
     -34.21800       0.00000       0.00000
     -34.17800       0.00000       0.00000
     -34.13900       0.00000       0.00000
     -34.09900       0.00000       0.00000
     -34.06000       0.00000       0.00000
     -34.02000       0.00000       0.00000
     -33.98100       0.00000       0.00000
     -33.94100       0.00000       0.00000
     -33.90200       0.00000       0.00000
     -33.86200       0.00000       0.00000
     -33.82200       0.00000       0.00000
     -33.78300       0.00000       0.00000
     -33.74300       0.00000       0.00000
     -33.70400       0.00000       0.00000
     -33.66400       0.00000       0.00000
     -33.62500       0.00000       0.00000
     -33.58500       0.00000       0.00000
     -33.54600       0.00000       0.00000
     -33.50600       0.00000       0.00000
     -33.46600       0.00000       0.00000
     -33.42700       0.00000       0.00000
     -33.38700       0.00000       0.00000
     -33.34800       0.00000       0.00000
     -33.30800       0.00000       0.00000
     -33.26900       0.00000       0.00000
     -33.22900       0.00000       0.00000
     -33.19000       0.00000       0.00000
     -33.15000       0.00000       0.00000
     -33.11000       0.00000       0.00000
     -33.07100       0.00000       0.00000
     -33.03100       0.00000       0.00000
     -32.99200       0.00000       0.00000
     -32.95200       0.00000       0.00000
     -32.91300       0.00000       0.00000
     -32.87300       0.00000       0.00000
     -32.83400       0.00000       0.00000
     -32.79400       0.00000       0.00000
     -32.75500       0.00000       0.00000
     -32.71500       0.00000       0.00000
     -32.67500       0.00000       0.00000
     -32.63600       0.00000       0.00000
     -32.59600       0.00000       0.00000
     -32.55700       0.00000       0.00000
     -32.51700       0.00000       0.00000
     -32.47800       0.00000       0.00000
     -32.43800       0.00000       0.00000
     -32.39900       0.00000       0.00000
     -32.35900       0.00000       0.00000
     -32.31900       0.00000       0.00000
     -32.28000       0.00000       0.00000
     -32.24000       0.00000       0.00000
     -32.20100       0.00000       0.00000
     -32.16100       0.00000       0.00000
     -32.12200       0.00000       0.00000
     -32.08200       0.00000       0.00000
     -32.04300       0.00000       0.00000
     -32.00300       0.00000       0.00000
     -31.96300       0.00000       0.00000
     -31.92400       0.00000       0.00000
     -31.88400       0.00000       0.00000
     -31.84500       0.00000       0.00000
     -31.80500       0.00000       0.00000
     -31.76600       0.00000       0.00000
     -31.72600       0.00000       0.00000
     -31.68700       0.00000       0.00000
     -31.64700       0.00000       0.00000
     -31.60700       0.00000       0.00000
     -31.56800       0.00000       0.00000
     -31.52800       0.00000       0.00000
     -31.48900       0.00000       0.00000
     -31.44900       0.00000       0.00000
     -31.41000       0.00000       0.00000
     -31.37000       0.00000       0.00000
     -31.33100       0.00000       0.00000
     -31.29100       0.00000       0.00000
     -31.25200       0.00000       0.00000
     -31.21200       0.00000       0.00000
     -31.17200       0.00000       0.00000
     -31.13300       0.00000       0.00000
     -31.09300       0.00000       0.00000
     -31.05400       0.00000       0.00000
     -31.01400       0.00000       0.00000
     -30.97500       0.00000       0.00000
     -30.93500       0.00000       0.00000
     -30.89600       0.00000       0.00000
     -30.85600       0.00000       0.00000
     -30.81600       0.00000       0.00000
     -30.77700       0.00000       0.00000
     -30.73700       0.00000       0.00000
     -30.69800       0.00000       0.00000
     -30.65800       0.00000       0.00000
     -30.61900       0.00000       0.00000
     -30.57900       0.00000       0.00000
     -30.54000       0.00000       0.00000
     -30.50000       0.00000       0.00000
     -30.46000       0.00000       0.00000
     -30.42100       0.00000       0.00000
     -30.38100       0.00000       0.00000
     -30.34200       0.00000       0.00000
     -30.30200       0.00000       0.00000
     -30.26300       0.00000       0.00000
     -30.22300       0.00000       0.00000
     -30.18400       0.00000       0.00000
     -30.14400       0.00000       0.00000
     -30.10400       0.00000       0.00000
     -30.06500       0.00000       0.00000
     -30.02500       0.00000       0.00000
     -29.98600       0.00000       0.00000
     -29.94600       0.00000       0.00000
     -29.90700       0.00000       0.00000
     -29.86700       0.00000       0.00000
     -29.82800       0.00000       0.00000
     -29.78800       0.00000       0.00000
     -29.74900       0.00000       0.00000
     -29.70900       0.00000       0.00000
     -29.66900       0.00000       0.00000
     -29.63000       0.00000       0.00000
     -29.59000       0.00000       0.00000
     -29.55100       0.00000       0.00000
     -29.51100       0.00000       0.00000
     -29.47200       0.00000       0.00000
     -29.43200       0.00000       0.00000
     -29.39300       0.00000       0.00000
     -29.35300       0.00000       0.00000
     -29.31300       0.00000       0.00000
     -29.27400       0.00000       0.00000
     -29.23400       0.00000       0.00000
     -29.19500       0.00000       0.00000
     -29.15500       0.00000       0.00000
     -29.11600       0.00000       0.00000
     -29.07600       0.00000       0.00000
     -29.03700       0.00000       0.00000
     -28.99700       0.00000       0.00000
     -28.95700       0.00000       0.00000
     -28.91800       0.00000       0.00000
     -28.87800       0.00000       0.00000
     -28.83900       0.00000       0.00000
     -28.79900       0.00000       0.00000
     -28.76000       0.00000       0.00000
     -28.72000       0.00000       0.00000
     -28.68100       0.00000       0.00000
     -28.64100       0.00000       0.00000
     -28.60100       0.00000       0.00000
     -28.56200       0.00000       0.00000
     -28.52200       0.00000       0.00000
     -28.48300       0.00000       0.00000
     -28.44300       0.00000       0.00000
     -28.40400       0.00000       0.00000
     -28.36400       0.00000       0.00000
     -28.32500       0.00000       0.00000
     -28.28500       0.00000       0.00000
     -28.24600       0.00000       0.00000
     -28.20600       0.00000       0.00000
     -28.16600       0.00000       0.00000
     -28.12700       0.00000       0.00000
     -28.08700       0.00000       0.00000
     -28.04800       0.00000       0.00000
     -28.00800       0.00000       0.00000
     -27.96900       0.00000       0.00000
     -27.92900       0.00000       0.00000
     -27.89000       0.00000       0.00000
     -27.85000       0.00000       0.00000
     -27.81000       0.00000       0.00000
     -27.77100       0.00000       0.00000
     -27.73100       0.00000       0.00000
     -27.69200       0.00000       0.00000
     -27.65200       0.00000       0.00000
     -27.61300       0.00000       0.00000
     -27.57300       0.00000       0.00000
     -27.53400       0.00000       0.00000
     -27.49400       0.00000       0.00000
     -27.45400       0.00000       0.00000
     -27.41500       0.00000       0.00000
     -27.37500       0.00000       0.00000
     -27.33600       0.00000       0.00000
     -27.29600       0.00000       0.00000
     -27.25700       0.00000       0.00000
     -27.21700       0.00000       0.00000
     -27.17800       0.00000       0.00000
     -27.13800       0.00000       0.00000
     -27.09800       0.00000       0.00000
     -27.05900       0.00000       0.00000
     -27.01900       0.00000       0.00000
     -26.98000       0.00000       0.00000
     -26.94000       0.00000       0.00000
     -26.90100       0.00000       0.00000
     -26.86100       0.00000       0.00000
     -26.82200       0.00000       0.00000
     -26.78200       0.00000       0.00000
     -26.74300       0.00000       0.00000
     -26.70300       0.00000       0.00000
     -26.66300       0.00000       0.00000
     -26.62400       0.00000       0.00000
     -26.58400       0.00000       0.00000
     -26.54500       0.00000       0.00000
     -26.50500       0.00000       0.00000
     -26.46600       0.00000       0.00000
     -26.42600       0.00000       0.00000
     -26.38700       0.00000       0.00000
     -26.34700       0.00000       0.00000
     -26.30700       0.00000       0.00000
     -26.26800       0.00000       0.00000
     -26.22800       0.00000       0.00000
     -26.18900       0.00000       0.00000
     -26.14900       0.00000       0.00000
     -26.11000       0.00000       0.00000
     -26.07000       0.00000       0.00000
     -26.03100       0.00000       0.00000
     -25.99100       0.00000       0.00000
     -25.95100       0.00000       0.00000
     -25.91200       0.00000       0.00000
     -25.87200       0.00000       0.00000
     -25.83300       0.00000       0.00000
     -25.79300       0.00000       0.00000
     -25.75400       0.00000       0.00000
     -25.71400       0.00000       0.00000
     -25.67500       0.00000       0.00000
     -25.63500       0.00000       0.00000
     -25.59500       0.00000       0.00000
     -25.55600       0.00000       0.00000
     -25.51600       0.00000       0.00000
     -25.47700       0.00000       0.00000
     -25.43700       0.00000       0.00000
     -25.39800       0.00000       0.00000
     -25.35800       0.00000       0.00000
     -25.31900       0.00000       0.00000
     -25.27900       0.00000       0.00000
     -25.24000       0.00000       0.00000
     -25.20000       0.00000       0.00000
     -25.16000       0.00000       0.00000
     -25.12100       0.00000       0.00000
     -25.08100       0.00000       0.00000
     -25.04200       0.00000       0.00000
     -25.00200       0.00000       0.00000
     -24.96300       0.00000       0.00000
     -24.92300       0.00000       0.00000
     -24.88400       0.00000       0.00000
     -24.84400       0.00000       0.00000
     -24.80400       0.00000       0.00000
     -24.76500       0.00000       0.00000
     -24.72500       0.00000       0.00000
     -24.68600       0.00000       0.00000
     -24.64600       0.00000       0.00000
     -24.60700       0.00000       0.00000
     -24.56700       0.00000       0.00000
     -24.52800       0.00000       0.00000
     -24.48800       0.00000       0.00000
     -24.44800       0.00000       0.00000
     -24.40900       0.00000       0.00000
     -24.36900       0.00000       0.00000
     -24.33000       0.00000       0.00000
     -24.29000       0.00000       0.00000
     -24.25100       0.00000       0.00000
     -24.21100       0.00000       0.00000
     -24.17200       0.00000       0.00000
     -24.13200       0.00000       0.00000
     -24.09200       0.00000       0.00000
     -24.05300       0.00000       0.00000
     -24.01300       0.00000       0.00000
     -23.97400       0.00000       0.00000
     -23.93400       0.00000       0.00000
     -23.89500       0.00000       0.00000
     -23.85500       0.00000       0.00000
     -23.81600       0.00000       0.00000
     -23.77600       0.00000       0.00000
     -23.73700       0.00000       0.00000
     -23.69700       0.00000       0.00000
     -23.65700       0.00000       0.00000
     -23.61800       0.00000       0.00000
     -23.57800       0.00000       0.00000
     -23.53900       0.00000       0.00000
     -23.49900       0.00000       0.00000
     -23.46000       0.00000       0.00000
     -23.42000       0.00000       0.00000
     -23.38100       0.00000       0.00000
     -23.34100       0.00000       0.00000
     -23.30100       0.00000       0.00000
     -23.26200       0.00000       0.00000
     -23.22200       0.00000       0.00000
     -23.18300       0.00000       0.00000
     -23.14300       0.00000       0.00000
     -23.10400       0.00000       0.00000
     -23.06400       0.00000       0.00000
     -23.02500       0.00000       0.00000
     -22.98500       0.00000       0.00000
     -22.94500       0.00000       0.00000
     -22.90600       0.00000       0.00000
     -22.86600       0.00000       0.00000
     -22.82700       0.00000       0.00000
     -22.78700       0.00000       0.00000
     -22.74800       0.00000       0.00000
     -22.70800       0.00000       0.00000
     -22.66900       0.00000       0.00000
     -22.62900       0.00000       0.00000
     -22.58900       0.00000       0.00000
     -22.55000       0.00000       0.00000
     -22.51000       0.00000       0.00000
     -22.47100       0.00000       0.00000
     -22.43100       0.00000       0.00000
     -22.39200       0.00000       0.00000
     -22.35200       0.00000       0.00000
     -22.31300       0.00000       0.00000
     -22.27300       0.00000       0.00000
     -22.23400       0.00000       0.00000
     -22.19400       0.00000       0.00000
     -22.15400       0.00000       0.00000
     -22.11500       0.00000       0.00000
     -22.07500       0.00000       0.00000
     -22.03600       0.00000       0.00000
     -21.99600       0.00000       0.00000
     -21.95700       0.00000       0.00000
     -21.91700       0.00000       0.00000
     -21.87800       0.00000       0.00000
     -21.83800       0.00000       0.00000
     -21.79800       0.00000       0.00000
     -21.75900       0.00000       0.00000
     -21.71900       0.00000       0.00000
     -21.68000       0.00000       0.00000
     -21.64000       0.00000       0.00000
     -21.60100       0.00000       0.00000
     -21.56100       0.00000       0.00000
     -21.52200       0.00000       0.00000
     -21.48200       0.00000       0.00000
     -21.44200       0.00000       0.00000
     -21.40300       0.00000       0.00000
     -21.36300       0.00000       0.00000
     -21.32400       0.00000       0.00000
     -21.28400       0.00000       0.00000
     -21.24500       0.00000       0.00000
     -21.20500       0.00000       0.00000
     -21.16600       0.00000       0.00000
     -21.12600       0.00000       0.00000
     -21.08600       0.00000       0.00000
     -21.04700       0.00000       0.00000
     -21.00700       0.00000       0.00000
     -20.96800       0.00000       0.00000
     -20.92800       0.00000       0.00000
     -20.88900       0.00000       0.00000
     -20.84900       0.00000       0.00000
     -20.81000       0.00000       0.00000
     -20.77000       0.00000       0.00000
     -20.73100       0.00000       0.00000
     -20.69100       0.00000       0.00000
     -20.65100       0.00000       0.00000
     -20.61200       0.00000       0.00000
     -20.57200       0.00000       0.00000
     -20.53300       0.00000       0.00000
     -20.49300       0.00000       0.00000
     -20.45400       0.00000       0.00000
     -20.41400       0.00000       0.00000
     -20.37500       0.00000       0.00000
     -20.33500       0.00000       0.00000
     -20.29500       0.00000       0.00000
     -20.25600       0.00000       0.00000
     -20.21600       0.00000       0.00000
     -20.17700       0.00000       0.00000
     -20.13700       0.00000       0.00000
     -20.09800       0.00000       0.00000
     -20.05800       0.00000       0.00000
     -20.01900       0.00000       0.00000
     -19.97900       0.00000       0.00000
     -19.93900       0.00000       0.00000
     -19.90000       0.00000       0.00000
     -19.86000       0.00000       0.00000
     -19.82100       0.00000       0.00000
     -19.78100       0.00000       0.00000
     -19.74200       0.00000       0.00000
     -19.70200       0.00000       0.00000
     -19.66300       0.00000       0.00000
     -19.62300       0.00000       0.00000
     -19.58300       0.00000       0.00000
     -19.54400       0.00000       0.00000
     -19.50400       0.00000       0.00000
     -19.46500       0.00000       0.00000
     -19.42500       0.00000       0.00000
     -19.38600       0.00000       0.00000
     -19.34600       0.00000       0.00000
     -19.30700       0.00000       0.00000
     -19.26700       0.00000       0.00000
     -19.22800       0.00000       0.00000
     -19.18800       0.00000       0.00000
     -19.14800       0.00000       0.00000
     -19.10900       0.00000       0.00000
     -19.06900       0.00000       0.00000
     -19.03000       0.00000       0.00000
     -18.99000       0.00000       0.00000
     -18.95100       0.00000       0.00000
     -18.91100       0.00000       0.00000
     -18.87200       0.00000       0.00000
     -18.83200       0.00000       0.00000
     -18.79200       0.00000       0.00000
     -18.75300       0.00000       0.00000
     -18.71300       0.00000       0.00000
     -18.67400       0.00000       0.00000
     -18.63400       0.00000       0.00000
     -18.59500       0.00000       0.00000
     -18.55500       0.00000       0.00000
     -18.51600       0.00000       0.00000
     -18.47600       0.00000       0.00000
     -18.43600       0.00000       0.00000
     -18.39700       0.00000       0.00000
     -18.35700       0.00000       0.00000
     -18.31800       0.00000       0.00000
     -18.27800       0.00000       0.00000
     -18.23900       0.00000       0.00000
     -18.19900       0.00000       0.00000
     -18.16000       0.00000       0.00000
     -18.12000       0.00000       0.00000
     -18.08000       0.00000       0.00000
     -18.04100       0.00000       0.00000
     -18.00100       0.00000       0.00000
     -17.96200       0.00000       0.00000
     -17.92200       0.00000       0.00000
     -17.88300       0.00000       0.00000
     -17.84300       0.00000       0.00000
     -17.80400       0.00000       0.00000
     -17.76400       0.00000       0.00000
     -17.72500       0.00000       0.00000
     -17.68500       0.00000       0.00000
     -17.64500       0.00000       0.00000
     -17.60600       0.00000       0.00000
     -17.56600       0.00000       0.00000
     -17.52700       0.00000       0.00000
     -17.48700       0.00000       0.00000
     -17.44800       0.00000       0.00000
     -17.40800       0.00000       0.00000
     -17.36900       0.00000       0.00000
     -17.32900       0.00000       0.00000
     -17.28900       0.00000       0.00000
     -17.25000       0.00000       0.00000
     -17.21000       0.00000       0.00000
     -17.17100       0.00000       0.00000
     -17.13100       0.00000       0.00000
     -17.09200       0.00000       0.00000
     -17.05200       0.00000       0.00000
     -17.01300       0.00000       0.00000
     -16.97300       0.00000       0.00000
     -16.93300       0.00000       0.00000
     -16.89400       0.00000       0.00000
     -16.85400       0.00000       0.00000
     -16.81500       0.00000       0.00000
     -16.77500       0.00000       0.00000
     -16.73600       0.00000       0.00000
     -16.69600       0.00000       0.00000
     -16.65700       0.00000       0.00000
     -16.61700       0.00000       0.00000
     -16.57700       0.00000       0.00000
     -16.53800       0.00000       0.00000
     -16.49800       0.00000       0.00000
     -16.45900       0.00000       0.00000
     -16.41900       0.00000       0.00000
     -16.38000       0.00000       0.00000
     -16.34000       0.00000       0.00000
     -16.30100       0.00000       0.00000
     -16.26100       0.00000       0.00000
     -16.22200       0.00000       0.00000
     -16.18200       0.00000       0.00000
     -16.14200       0.00000       0.00000
     -16.10300       0.00000       0.00000
     -16.06300       0.00000       0.00000
     -16.02400       0.00000       0.00000
     -15.98400       0.00000       0.00000
     -15.94500       0.00000       0.00000
     -15.90500       0.00000       0.00000
     -15.86600       0.00000       0.00000
     -15.82600       0.00000       0.00000
     -15.78600       0.00000       0.00000
     -15.74700       0.00000       0.00000
     -15.70700       0.00000       0.00000
     -15.66800       0.00000       0.00000
     -15.62800       0.00000       0.00000
     -15.58900       0.00000       0.00000
     -15.54900       0.00000       0.00000
     -15.51000       0.00000       0.00000
     -15.47000       0.00000       0.00000
     -15.43000       0.00000       0.00000
     -15.39100       0.00000       0.00000
     -15.35100       0.00000       0.00000
     -15.31200       0.00000       0.00000
     -15.27200       0.00000       0.00000
     -15.23300       0.00000       0.00000
     -15.19300       0.00000       0.00000
     -15.15400       0.00000       0.00000
     -15.11400       0.00000       0.00000
     -15.07400       0.00000       0.00000
     -15.03500       0.00000       0.00000
     -14.99500       0.00000       0.00000
     -14.95600       0.00000       0.00000
     -14.91600       0.00000       0.00000
     -14.87700       0.00000       0.00000
     -14.83700       0.00000       0.00000
     -14.79800       0.00000       0.00000
     -14.75800       0.00000       0.00000
     -14.71900       0.00000       0.00000
     -14.67900       0.00000       0.00000
     -14.63900       0.00000       0.00000
     -14.60000       0.00000       0.00000
     -14.56000       0.00000       0.00000
     -14.52100       0.00000       0.00000
     -14.48100       0.00000       0.00000
     -14.44200       0.00000       0.00000
     -14.40200       0.00000       0.00000
     -14.36300       0.00000       0.00000
     -14.32300       0.00000       0.00000
     -14.28300       0.00000       0.00000
     -14.24400       0.00000       0.00000
     -14.20400       0.00000       0.00000
     -14.16500       0.00000       0.00000
     -14.12500       0.00000       0.00000
     -14.08600       0.00000       0.00000
     -14.04600       0.00000       0.00000
     -14.00700       0.00000       0.00000
     -13.96700       0.00000       0.00000
     -13.92700       0.00000       0.00000
     -13.88800       0.00000       0.00000
     -13.84800       0.00000       0.00000
     -13.80900       0.00000       0.00000
     -13.76900       0.00000       0.00000
     -13.73000       0.00000       0.00000
     -13.69000       0.00000       0.00000
     -13.65100       0.00000       0.00000
     -13.61100       0.00000       0.00000
     -13.57100       0.00000       0.00000
     -13.53200       0.00000       0.00000
     -13.49200       0.00000       0.00000
     -13.45300       0.00000       0.00000
     -13.41300       0.00000       0.00000
     -13.37400       0.00000       0.00000
     -13.33400       0.00000       0.00000
     -13.29500       0.00000       0.00000
     -13.25500       0.00000       0.00000
     -13.21600       0.00000       0.00000
     -13.17600       0.00000       0.00000
     -13.13600       0.00000       0.00000
     -13.09700       0.00000       0.00000
     -13.05700       0.00000       0.00000
     -13.01800       0.00000       0.00000
     -12.97800       0.00000       0.00000
     -12.93900       0.00000       0.00000
     -12.89900       0.00000       0.00000
     -12.86000       0.00000       0.00000
     -12.82000       0.00000       0.00000
     -12.78000       0.00000       0.00000
     -12.74100       0.00000       0.00000
     -12.70100       0.00000       0.00000
     -12.66200       0.00000       0.00000
     -12.62200       0.00000       0.00000
     -12.58300       0.00000       0.00000
     -12.54300       0.00000       0.00000
     -12.50400       0.00000       0.00000
     -12.46400       0.00000       0.00000
     -12.42400       0.00000       0.00000
     -12.38500       0.00000       0.00000
     -12.34500      15.23000     -14.54000
     -12.30600     118.40000    -118.90000
     -12.26600       0.00000       0.00000
     -12.22700       0.00000       0.00000
     -12.18700       0.00000       0.00000
     -12.14800       0.00000       0.00000
     -12.10800       0.00000       0.00000
     -12.06800       0.00000       0.00000
     -12.02900       0.00000       0.00000
     -11.98900       0.00000       0.00000
     -11.95000       0.00000       0.00000
     -11.91000       0.00000       0.00000
     -11.87100       0.00000       0.00000
     -11.83100       0.00000       0.00000
     -11.79200       0.00000       0.00000
     -11.75200       0.00000       0.00000
     -11.71300       0.00000       0.00000
     -11.67300       0.00000       0.00000
     -11.63300       0.00000       0.00000
     -11.59400       0.00000       0.00000
     -11.55400       0.00000       0.00000
     -11.51500       0.00000       0.00000
     -11.47500       0.00000       0.00000
     -11.43600       0.00000       0.00000
     -11.39600       0.00000       0.00000
     -11.35700       0.00000       0.00000
     -11.31700       0.00000       0.00000
     -11.27700       0.00000       0.00000
     -11.23800       0.00000       0.00000
     -11.19800       0.00000       0.00000
     -11.15900       0.00000       0.00000
     -11.11900       0.00000       0.00000
     -11.08000       0.00000       0.00000
     -11.04000       0.00000       0.00000
     -11.00100       0.00000       0.00000
     -10.96100       0.00000       0.00000
     -10.92100       0.00000       0.00000
     -10.88200       0.00000       0.00000
     -10.84200       0.00000       0.00000
     -10.80300       0.00000       0.00000
     -10.76300       0.00000       0.00000
     -10.72400       0.00000       0.00000
     -10.68400       0.00000       0.00000
     -10.64500       0.00000       0.00000
     -10.60500       0.00000       0.00000
     -10.56500       0.00000       0.00000
     -10.52600       0.00000       0.00000
     -10.48600       0.00000       0.00000
     -10.44700       0.00000       0.00000
     -10.40700       0.00000       0.00000
     -10.36800       0.00000       0.00000
     -10.32800       0.00000       0.00000
     -10.28900       0.00000       0.00000
     -10.24900       0.00000       0.00000
     -10.21000       0.00000       0.00000
     -10.17000       0.00000       0.00000
     -10.13000       0.00000       0.00000
     -10.09100       0.00000       0.00000
     -10.05100       0.00000       0.00000
     -10.01200       0.00000       0.00000
      -9.97200       0.00000       0.00000
      -9.93300       0.00000       0.00000
      -9.89300       0.00000       0.00000
      -9.85400       0.00000       0.00000
      -9.81400       0.00000       0.00000
      -9.77400       0.00000       0.00000
      -9.73500       0.00000       0.00000
      -9.69500       0.00000       0.00000
      -9.65600       0.00000       0.00000
      -9.61600       0.00000       0.00000
      -9.57700       0.00000       0.00000
      -9.53700       0.00000       0.00000
      -9.49800       0.00000       0.00000
      -9.45800      72.42000     -71.94000
      -9.41800       0.00000       0.00000
      -9.37900      35.65000     -35.84000
      -9.33900       0.00000       0.00000
      -9.30000       0.00000       0.00000
      -9.26000      92.46000     -84.88000
      -9.22100      38.65000     -38.92000
      -9.18100       9.17300      -8.96400
      -9.14200      61.31000     -62.56000
      -9.10200      54.38000     -53.45000
      -9.06200      49.48000     -49.77000
      -9.02300      58.12000     -59.66000
      -8.98300      47.41000     -45.77000
      -8.94400       0.00000       0.00000
      -8.90400       0.00000       0.00000
      -8.86500       0.00000       0.00000
      -8.82500       0.00000       0.00000
      -8.78600       0.00000       0.00000
      -8.74600       0.00000       0.00000
      -8.70700       0.00000       0.00000
      -8.66700       0.00000       0.00000
      -8.62700       0.00000       0.00000
      -8.58800       0.00000       0.00000
      -8.54800       0.00000       0.00000
      -8.50900       0.00000       0.00000
      -8.46900       0.00000       0.00000
      -8.43000       0.00000       0.00000
      -8.39000       0.00000       0.00000
      -8.35100       0.00000       0.00000
      -8.31100       0.00000       0.00000
      -8.27100       0.00000       0.00000
      -8.23200       0.00000       0.00000
      -8.19200       0.00000       0.00000
      -8.15300       0.00000       0.00000
      -8.11300       0.00000       0.00000
      -8.07400       0.00000       0.00000
      -8.03400       0.00000       0.00000
      -7.99500       0.00000       0.00000
      -7.95500       0.00000       0.00000
      -7.91500       0.00000       0.00000
      -7.87600       0.00000       0.00000
      -7.83600       0.00000       0.00000
      -7.79700       0.00000       0.00000
      -7.75700       0.00000       0.00000
      -7.71800       0.00000       0.00000
      -7.67800       0.00000       0.00000
      -7.63900       0.00000       0.00000
      -7.59900       0.00000       0.00000
      -7.55900       0.00000       0.00000
      -7.52000       0.00000       0.00000
      -7.48000       0.00000       0.00000
      -7.44100       0.00000       0.00000
      -7.40100       0.00000       0.00000
      -7.36200       0.00000       0.00000
      -7.32200       0.02269      -0.02289
      -7.28300       0.45150      -0.45280
      -7.24300       1.42400      -1.42700
      -7.20400       4.68600      -4.69400
      -7.16400       7.03800      -7.04500
      -7.12400       7.61600      -7.60400
      -7.08500       3.44700      -3.43600
      -7.04500       0.00000       0.00000
      -7.00600       5.64400      -5.70800
      -6.96600      19.97000     -19.89000
      -6.92700      12.23000     -12.25000
      -6.88700      15.26000     -15.28000
      -6.84800      13.44000     -13.41000
      -6.80800       0.00000       0.00000
      -6.76800      14.26000     -14.43000
      -6.72900     102.60000    -102.70000
      -6.68900       0.00000       0.00000
      -6.65000       0.00000       0.00000
      -6.61000       0.00000       0.00000
      -6.57100       0.00000       0.00000
      -6.53100       0.00000       0.00000
      -6.49200       0.00000       0.00000
      -6.45200       0.00000       0.00000
      -6.41200       0.00000       0.00000
      -6.37300       0.00000       0.00000
      -6.33300       0.00000       0.00000
      -6.29400       0.00000       0.00000
      -6.25400       0.00000       0.00000
      -6.21500       0.00000       0.00000
      -6.17500       0.00000       0.00000
      -6.13600       0.00000       0.00000
      -6.09600       0.00000       0.00000
      -6.05600       0.00000       0.00000
      -6.01700       0.00000       0.00000
      -5.97700       0.00000       0.00000
      -5.93800       0.00000       0.00000
      -5.89800       0.00000       0.00000
      -5.85900       0.00000       0.00000
      -5.81900       0.00000       0.00000
      -5.78000       0.00000       0.00000
      -5.74000       0.00000       0.00000
      -5.70100       0.00000       0.00000
      -5.66100       0.00000       0.00000
      -5.62100       0.00000       0.00000
      -5.58200       0.00000       0.00000
      -5.54200       0.00000       0.00000
      -5.50300       0.00000       0.00000
      -5.46300       0.00000       0.00000
      -5.42400       0.00000       0.00000
      -5.38400       0.00000       0.00000
      -5.34500       0.00000       0.00000
      -5.30500       0.00000       0.00000
      -5.26500       0.00000       0.00000
      -5.22600       0.00000       0.00000
      -5.18600       0.00000       0.00000
      -5.14700       0.00000       0.00000
      -5.10700       0.00000       0.00000
      -5.06800       0.00000       0.00000
      -5.02800       0.00000       0.00000
      -4.98900       0.00000       0.00000
      -4.94900       0.00000       0.00000
      -4.90900       0.00000       0.00000
      -4.87000       0.00000       0.00000
      -4.83000       0.00000       0.00000
      -4.79100       0.00000       0.00000
      -4.75100       0.00000       0.00000
      -4.71200       0.00000       0.00000
      -4.67200       0.00000       0.00000
      -4.63300       0.00000       0.00000
      -4.59300       0.00000       0.00000
      -4.55300       0.00000       0.00000
      -4.51400       0.00000       0.00000
      -4.47400       0.00000       0.00000
      -4.43500       0.00000       0.00000
      -4.39500       0.00000       0.00000
      -4.35600       0.00000       0.00000
      -4.31600       0.00000       0.00000
      -4.27700       0.00000       0.00000
      -4.23700       0.00000       0.00000
      -4.19800      15.88000     -15.30000
      -4.15800       0.00000       0.00000
      -4.11800     126.30000    -125.90000
      -4.07900       0.00000       0.00000
      -4.03900       4.53000      -4.57200
      -4.00000      29.13000     -29.02000
      -3.96000      13.33000     -13.40000
      -3.92100       0.00000       0.00000
      -3.88100       0.00000       0.00000
      -3.84200      41.75000     -42.03000
      -3.80200      34.92000     -35.01000
      -3.76200      16.73000     -16.67000
      -3.72300      19.41000     -19.28000
      -3.68300      24.67000     -24.67000
      -3.64400      65.60000     -65.90000
      -3.60400      31.41000     -31.56000
      -3.56500      39.37000     -39.53000
      -3.52500      34.78000     -34.72000
      -3.48600      21.57000     -21.48000
      -3.44600       3.17000     -14.49000
      -3.40600       9.70200      -9.73500
      -3.36700       1.01500      -1.04900
      -3.32700       0.00000       0.00000
      -3.28800       0.00000       0.00000
      -3.24800       0.00000       0.00000
      -3.20900       0.00000       0.00000
      -3.16900       0.00000       0.00000
      -3.13000       0.00000       0.00000
      -3.09000       0.00000       0.00000
      -3.05000       0.00000       0.00000
      -3.01100       0.00000       0.00000
      -2.97100       0.00000       0.00000
      -2.93200       0.00000       0.00000
      -2.89200       0.00000       0.00000
      -2.85300       0.00000       0.00000
      -2.81300       0.00000       0.00000
      -2.77400       0.00000       0.00000
      -2.73400       0.00000       0.00000
      -2.69500       0.00000       0.00000
      -2.65500       0.00000       0.00000
      -2.61500       0.00000       0.00000
      -2.57600       0.00000       0.00000
      -2.53600       0.00000       0.00000
      -2.49700       0.04622      -0.04220
      -2.45700       4.84600      -4.80700
      -2.41800      32.23000     -32.22000
      -2.37800      31.75000     -31.92000
      -2.33900      22.63000     -22.91000
      -2.29900      12.46000     -12.43000
      -2.25900      10.26000     -10.30000
      -2.22000      43.74000     -44.35000
      -2.18000      44.76000     -43.03000
      -2.14100       1.81100      -1.82400
      -2.10100      59.71000     -59.50000
      -2.06200       2.01800      -2.03400
      -2.02200      18.88000     -18.89000
      -1.98300      19.22000     -19.31000
      -1.94300       6.74600      -6.73700
      -1.90300      15.53000     -15.51000
      -1.86400      12.06000     -12.04000
      -1.82400      20.59000     -20.53000
      -1.78500      58.02000     -57.93000
      -1.74500      23.65000     -23.57000
      -1.70600      35.47000     -35.43000
      -1.66600      17.86000     -17.96000
      -1.62700       9.47700      -9.46800
      -1.58700      14.31000     -14.35000
      -1.54700      29.99000     -29.82000
      -1.50800      23.57000     -23.62000
      -1.46800       3.56400      -3.60200
      -1.42900      10.80000     -10.91000
      -1.38900      91.62000     -91.74000
      -1.35000       8.44500      -8.40300
      -1.31000      26.78000     -26.78000
      -1.27100      29.24000     -29.22000
      -1.23100      11.74000     -11.72000
      -1.19200      32.75000     -32.72000
      -1.15200      52.19000     -52.20000
      -1.11200      35.21000     -34.90000
      -1.07300       0.31180      -0.31900
      -1.03300      19.51000     -19.47000
      -0.99400      21.04000     -21.04000
      -0.95400      28.01000     -28.06000
      -0.91500      24.67000     -24.67000
      -0.87500      20.44000     -20.44000
      -0.83600      39.99000     -40.00000
      -0.79600      19.80000     -19.78000
      -0.75600      60.49000     -60.56000
      -0.71700       9.07900      -9.07400
      -0.67700      12.33000     -12.34000
      -0.63800      25.89000     -25.90000
      -0.59800      38.00000     -37.99000
      -0.55900      27.41000     -27.38000
      -0.51900      36.95000     -36.62000
      -0.48000      15.45000     -15.42000
      -0.44000      34.42000     -34.39000
      -0.40000      13.64000     -13.56000
      -0.36100      14.86000     -14.82000
      -0.32100      33.52000     -33.26000
      -0.28200       6.35100      -6.30100
      -0.24200      21.47000     -21.54000
      -0.20300       7.01600      -7.03400
      -0.16300       8.21100      -8.22000
      -0.12400       8.06100      -8.06000
      -0.08400       6.56800      -6.55200
      -0.04400       0.20150      -0.19470
      -0.00500       0.00000       0.00000
       0.03500       0.00000       0.00000
       0.07400       0.00000       0.00000
       0.11400       0.00000       0.00000
       0.15300       0.00000       0.00000
       0.19300       0.00000       0.00000
       0.23200       0.00000       0.00000
       0.27200       0.00000       0.00000
       0.31100       0.00000       0.00000
       0.35100       0.00000       0.00000
       0.39100       0.00000       0.00000
       0.43000       0.00000       0.00000
       0.47000       0.00000       0.00000
       0.50900       0.00000       0.00000
       0.54900       0.00000       0.00000
       0.58800       0.00000       0.00000
       0.62800       0.00000       0.00000
       0.66700       0.00000       0.00000
       0.70700       0.00000       0.00000
       0.74700       0.00000       0.00000
       0.78600       0.00000       0.00000
       0.82600       0.00000       0.00000
       0.86500      23.28000     -22.95000
       0.90500      22.89000     -22.75000
       0.94400      15.75000     -15.75000
       0.98400       5.37400      -5.35200
       1.02300       7.36500      -7.34400
       1.06300       9.37400      -9.55400
       1.10300       0.00000       0.00000
       1.14200       3.53800      -3.46800
       1.18200       9.09800      -9.05400
       1.22100      23.78000     -24.11000
       1.26100      11.50000     -11.42000
       1.30000      14.11000     -37.13000
       1.34000      45.09000     -44.66000
       1.37900       0.00000       0.00000
       1.41900       0.00000       0.00000
       1.45900       0.00000       0.00000
       1.49800       0.00000       0.00000
       1.53800       0.00000       0.00000
       1.57700       0.00000       0.00000
       1.61700       0.00000       0.00000
       1.65600       0.03827      -0.03642
       1.69600       0.35400      -0.34760
       1.73500       0.98870      -0.97670
       1.77500       2.19000      -2.16700
       1.81400       3.44000      -3.41900
       1.85400       4.51500      -4.49600
       1.89400       6.07300      -6.04900
       1.93300       7.46000      -7.47100
       1.97300       7.34000      -7.34400
       2.01200       7.67600      -7.68300
       2.05200       6.31700      -6.31800
       2.09100       8.12900      -8.09800
       2.13100       9.59600      -9.57300
       2.17000      12.88000     -12.89000
       2.21000      12.03000     -12.10000
       2.25000      19.00000     -18.73000
       2.28900      37.96000     -37.77000
       2.32900       8.13700      -8.33200
       2.36800       0.00000       0.00000
       2.40800      13.72000     -13.70000
       2.44700      15.32000     -15.26000
       2.48700      11.33000     -11.66000
       2.52600      30.63000     -30.22000
       2.56600       5.40500      -5.66800
       2.60600      25.47000     -25.47000
       2.64500      20.41000     -20.42000
       2.68500      36.03000     -35.94000
       2.72400      30.85000     -30.85000
       2.76400      35.16000     -34.86000
       2.80300      22.74000     -23.22000
       2.84300       0.00000       0.00000
       2.88200       2.35200      -2.32100
       2.92200       8.77200      -8.70200
       2.96200      14.59000     -14.50000
       3.00100      23.68000     -23.67000
       3.04100      22.01000     -22.07000
       3.08000      22.21000     -22.19000
       3.12000      38.17000     -38.04000
       3.15900      31.46000     -31.41000
       3.19900       8.81800      -8.76600
       3.23800      21.53000     -21.51000
       3.27800       0.00000       0.00000
       3.31700       0.00000       0.00000
       3.35700       0.00000       0.00000
       3.39700       0.34050      -0.26190
       3.43600      46.27000     -86.75000
       3.47600      15.50000     -15.65000
       3.51500      11.12000     -11.23000
       3.55500      21.59000     -21.56000
       3.59400       8.83800      -9.49600
       3.63400       3.98500      -4.23400
       3.67300      17.18000     -16.64000
       3.71300       6.41200      -6.32500
       3.75300       6.83400      -6.87800
       3.79200      26.55000     -26.07000
       3.83200      15.00000     -15.22000
       3.87100      24.85000     -25.08000
       3.91100      21.13000     -21.27000
       3.95000      17.34000     -17.43000
       3.99000      25.35000     -25.89000
       4.02900      10.35000     -10.57000
       4.06900      19.05000     -18.90000
       4.10900      34.90000     -35.07000
       4.14800      20.98000     -21.46000
       4.18800      16.83000     -16.66000
       4.22700      19.05000     -19.60000
       4.26700      30.28000     -30.71000
       4.30600      25.88000     -25.49000
       4.34600      28.91000     -28.90000
       4.38500      30.22000     -23.91000
       4.42500      32.70000     -32.85000
       4.46500      31.53000     -31.40000
       4.50400      40.91000     -40.25000
       4.54400      30.72000     -30.85000
       4.58300      20.97000     -23.41000
       4.62300      34.87000     -35.49000
       4.66200      23.92000     -24.34000
       4.70200       7.03500     -10.20000
       4.74100       8.17700      -8.70000
       4.78100      20.32000     -21.03000
       4.82000      35.68000     -32.04000
       4.86000      26.60000     -31.51000
       4.90000      43.34000     -14.27000
       4.93900      37.29000     -29.91000
       4.97900      42.12000     -31.54000
       5.01800      39.80000     -28.88000
       5.05800      16.08000     -19.88000
       5.09700      26.20000     -31.70000
       5.13700      25.12000     -25.85000
       5.17600      24.55000     -23.06000
       5.21600      23.46000     -21.61000
       5.25600      28.76000     -25.98000
       5.29500      25.17000     -29.80000
       5.33500      21.45000     -28.66000
       5.37400      19.88000     -22.79000
       5.41400      22.54000     -14.30000
       5.45300      17.43000     -15.87000
       5.49300      19.62000     -13.41000
       5.53200      12.90000     -20.96000
       5.57200      16.91000     -10.13000
       5.61200      10.85000     -18.49000
       5.65100       8.02700      -8.75200
       5.69100       4.82800      -5.96800
       5.73000       2.47500      -3.17500
       5.77000       1.43800      -2.01900
       5.80900       0.00000       0.00000
       5.84900       0.00000       0.00000
       5.88800       0.00000       0.00000
       5.92800       0.00000       0.00000
       5.96800       0.00000       0.00000
       6.00700       0.00000       0.00000
       6.04700       0.00000       0.00000
       6.08600       0.00000       0.00000
       6.12600       0.00000       0.00000
       6.16500       0.00000       0.00000
       6.20500       0.00000       0.00000
       6.24400       0.00000       0.00000
       6.28400       0.00000       0.00000
       6.32300       0.00000       0.00000
       6.36300       0.00000       0.00000
       6.40300       0.00000       0.00000
       6.44200       0.00000       0.00000
       6.48200       0.00000       0.00000
       6.52100       0.00000       0.00000
       6.56100       0.00000       0.00000
       6.60000       0.00000       0.00000
       6.64000       0.00000       0.00000
       6.67900       0.00000       0.00000
       6.71900       0.00000       0.00000
       6.75900       0.00000       0.00000
       6.79800       0.00000       0.00000
       6.83800       0.00000       0.00000
       6.87700       0.00000       0.00000
       6.91700       0.00000       0.00000
       6.95600       0.00000       0.00000
       6.99600       0.00000       0.00000
       7.03500       0.00000       0.00000
       7.07500       0.00000       0.00000
       7.11500       0.00000       0.00000
       7.15400       0.00000       0.00000
       7.19400       0.00000       0.00000
       7.23300       0.00000       0.00000
       7.27300       0.00000       0.00000
       7.31200       0.00000       0.00000
       7.35200       0.00000       0.00000
       7.39100       0.00000       0.00000
       7.43100       0.00000       0.00000
       7.47100       0.00000       0.00000
       7.51000       0.00000       0.00000
       7.55000       0.00000       0.00000
       7.58900       0.00000       0.00000
       7.62900       0.00000       0.00000
       7.66800       0.00000       0.00000
       7.70800       0.00000       0.00000
       7.74700       0.00000       0.00000
       7.78700       0.00000       0.00000
       7.82600       0.00000       0.00000
       7.86600       0.00000       0.00000
       7.90600       0.00000       0.00000
       7.94500       0.00000       0.00000
       7.98500       0.00000       0.00000
       8.02400       0.00000       0.00000
       8.06400       0.00000       0.00000
       8.10300       0.00000       0.00000
       8.14300       0.00000       0.00000
       8.18200       0.00000       0.00000
       8.22200       0.00000       0.00000
       8.26200       0.00000       0.00000
       8.30100       0.00000       0.00000
       8.34100       0.00000       0.00000
       8.38000       0.00000       0.00000
       8.42000       0.00000       0.00000
       8.45900       0.00000       0.00000
       8.49900       0.00000       0.00000
