      #Energy        TDOS-UP        TDOS-DOWN
     -50.67809       0.00000       0.00000
     -50.63909       0.00000       0.00000
     -50.59909       0.00000       0.00000
     -50.55909       0.00000       0.00000
     -50.52009       0.00000       0.00000
     -50.48009       0.00000       0.00000
     -50.44009       0.00000       0.00000
     -50.40109       0.00000       0.00000
     -50.36109       0.00000       0.00000
     -50.32209       0.00000       0.00000
     -50.28209       0.00000       0.00000
     -50.24209       0.00000       0.00000
     -50.20309       0.00000       0.00000
     -50.16309       0.00000       0.00000
     -50.12409       0.00000       0.00000
     -50.08409       0.00000       0.00000
     -50.04409       0.00000       0.00000
     -50.00509       0.00000       0.00000
     -49.96509       0.00000       0.00000
     -49.92509       0.00000       0.00000
     -49.88609       0.00000       0.00000
     -49.84609       0.00000       0.00000
     -49.80709       0.00000       0.00000
     -49.76709       0.00000       0.00000
     -49.72709       0.00000       0.00000
     -49.68809       0.00000       0.00000
     -49.64809       0.00000       0.00000
     -49.60909       0.00000       0.00000
     -49.56909       0.00000       0.00000
     -49.52909       0.00000       0.00000
     -49.49009       0.00000       0.00000
     -49.45009       0.00000       0.00000
     -49.41009       0.00000       0.00000
     -49.37109       0.00000       0.00000
     -49.33109       0.00000       0.00000
     -49.29209       0.00000       0.00000
     -49.25209       0.00000       0.00000
     -49.21209       0.00000       0.00000
     -49.17309       0.00000       0.00000
     -49.13309       0.00000       0.00000
     -49.09309       0.00000       0.00000
     -49.05409       0.00000       0.00000
     -49.01409       0.00000       0.00000
     -48.97509       0.00000       0.00000
     -48.93509       0.00000       0.00000
     -48.89509       0.00000       0.00000
     -48.85609       0.00000       0.00000
     -48.81609       0.00000       0.00000
     -48.77709       0.00000       0.00000
     -48.73709       0.00000       0.00000
     -48.69709       0.00000       0.00000
     -48.65809       0.00000       0.00000
     -48.61809       0.00000       0.00000
     -48.57809       0.00000       0.00000
     -48.53909       0.00000       0.00000
     -48.49909       0.00000       0.00000
     -48.46009       0.00000       0.00000
     -48.42009       0.00000       0.00000
     -48.38009       0.00000       0.00000
     -48.34109       0.00000       0.00000
     -48.30109       0.00000       0.00000
     -48.26209       0.00000       0.00000
     -48.22209       0.00000       0.00000
     -48.18209       0.00000       0.00000
     -48.14309       0.00000       0.00000
     -48.10309       0.00000       0.00000
     -48.06309       0.00000       0.00000
     -48.02409       0.00000       0.00000
     -47.98409       0.00000       0.00000
     -47.94509       0.00000       0.00000
     -47.90509       0.00000       0.00000
     -47.86509       0.00000       0.00000
     -47.82609       0.00000       0.00000
     -47.78609       0.00000       0.00000
     -47.74709       0.00000       0.00000
     -47.70709       0.00000       0.00000
     -47.66709       0.00000       0.00000
     -47.62809       0.00000       0.00000
     -47.58809       0.00000       0.00000
     -47.54809       0.00000       0.00000
     -47.50909       0.00000       0.00000
     -47.46909       0.00000       0.00000
     -47.43009       0.00000       0.00000
     -47.39009       0.00000       0.00000
     -47.35009       0.00000       0.00000
     -47.31109       0.00000       0.00000
     -47.27109       0.00000       0.00000
     -47.23209       0.00000       0.00000
     -47.19209       0.00000       0.00000
     -47.15209       0.00000       0.00000
     -47.11309       0.00000       0.00000
     -47.07309       0.00000       0.00000
     -47.03309       0.00000       0.00000
     -46.99409       0.00000       0.00000
     -46.95409       0.00000       0.00000
     -46.91509       0.00000       0.00000
     -46.87509       0.00000       0.00000
     -46.83509       0.00000       0.00000
     -46.79609       0.00000       0.00000
     -46.75609       0.00000       0.00000
     -46.71709       0.00000       0.00000
     -46.67709       0.00000       0.00000
     -46.63709       0.00000       0.00000
     -46.59809       0.00000       0.00000
     -46.55809       0.00000       0.00000
     -46.51809       0.00000       0.00000
     -46.47909       0.00000       0.00000
     -46.43909       0.00000       0.00000
     -46.40009       0.00000       0.00000
     -46.36009       0.00000       0.00000
     -46.32009       0.00000       0.00000
     -46.28109       0.00000       0.00000
     -46.24109       0.00000       0.00000
     -46.20209       0.00000       0.00000
     -46.16209       0.00000       0.00000
     -46.12209       0.00000       0.00000
     -46.08309       0.00000       0.00000
     -46.04309       0.00000       0.00000
     -46.00309       0.00000       0.00000
     -45.96409       0.00000       0.00000
     -45.92409       0.00000       0.00000
     -45.88509       0.00000       0.00000
     -45.84509       0.00000       0.00000
     -45.80509       0.00000       0.00000
     -45.76609       0.00000       0.00000
     -45.72609       0.00000       0.00000
     -45.68709       0.00000       0.00000
     -45.64709       0.00000       0.00000
     -45.60709       0.00000       0.00000
     -45.56809       0.00000       0.00000
     -45.52809       0.00000       0.00000
     -45.48809       0.00000       0.00000
     -45.44909       0.00000       0.00000
     -45.40909       0.00000       0.00000
     -45.37009       0.00000       0.00000
     -45.33009       0.00000       0.00000
     -45.29009       0.00000       0.00000
     -45.25109       0.00000       0.00000
     -45.21109       0.00000       0.00000
     -45.17209       0.00000       0.00000
     -45.13209       0.00000       0.00000
     -45.09209       0.00000       0.00000
     -45.05309       0.00000       0.00000
     -45.01309       0.00000       0.00000
     -44.97309       0.00000       0.00000
     -44.93409       0.00000       0.00000
     -44.89409       0.00000       0.00000
     -44.85509       0.00000       0.00000
     -44.81509       0.00000       0.00000
     -44.77509       0.00000       0.00000
     -44.73609       0.00000       0.00000
     -44.69609       0.00000       0.00000
     -44.65709       0.00000       0.00000
     -44.61709       0.00000       0.00000
     -44.57709       0.00000       0.00000
     -44.53809       0.00000       0.00000
     -44.49809       0.00000       0.00000
     -44.45809       0.00000       0.00000
     -44.41909       0.00000       0.00000
     -44.37909       0.00000       0.00000
     -44.34009       0.00000       0.00000
     -44.30009       0.00000       0.00000
     -44.26009       0.00000       0.00000
     -44.22109       0.00000       0.00000
     -44.18109       0.00000       0.00000
     -44.14209       0.00000       0.00000
     -44.10209       0.00000       0.00000
     -44.06209       0.00000       0.00000
     -44.02309       0.00000       0.00000
     -43.98309       0.00000       0.00000
     -43.94309       0.00000       0.00000
     -43.90409       0.00000       0.00000
     -43.86409       0.00000       0.00000
     -43.82509       0.00000       0.00000
     -43.78509       0.00000       0.00000
     -43.74509       0.00000       0.00000
     -43.70609       0.00000       0.00000
     -43.66609       0.00000       0.00000
     -43.62709       0.00000       0.00000
     -43.58709       0.00000       0.00000
     -43.54709       0.00000       0.00000
     -43.50809       0.00000       0.00000
     -43.46809       0.00000       0.00000
     -43.42809       0.00000       0.00000
     -43.38909       0.00000       0.00000
     -43.34909       0.00000       0.00000
     -43.31009       0.00000       0.00000
     -43.27009       0.00000       0.00000
     -43.23009       0.00000       0.00000
     -43.19109       0.00000       0.00000
     -43.15109       0.00000       0.00000
     -43.11209       0.00000       0.00000
     -43.07209       0.00000       0.00000
     -43.03209       0.00000       0.00000
     -42.99309       0.00000       0.00000
     -42.95309       0.00000       0.00000
     -42.91309       0.00000       0.00000
     -42.87409       0.00000       0.00000
     -42.83409       0.00000       0.00000
     -42.79509       0.00000       0.00000
     -42.75509       0.00000       0.00000
     -42.71509       0.00000       0.00000
     -42.67609       0.00000       0.00000
     -42.63609       0.00000       0.00000
     -42.59709       0.00000       0.00000
     -42.55709       0.00000       0.00000
     -42.51709       0.00000       0.00000
     -42.47809       0.00000       0.00000
     -42.43809       0.00000       0.00000
     -42.39809       0.00000       0.00000
     -42.35909       0.00000       0.00000
     -42.31909       0.00000       0.00000
     -42.28009       0.00000       0.00000
     -42.24009       0.00000       0.00000
     -42.20009       0.00000       0.00000
     -42.16109       0.00000       0.00000
     -42.12109       0.00000       0.00000
     -42.08209       0.00000       0.00000
     -42.04209       0.00000       0.00000
     -42.00209       0.00000       0.00000
     -41.96309       0.00000       0.00000
     -41.92309       0.00000       0.00000
     -41.88309       0.00000       0.00000
     -41.84409       0.00000       0.00000
     -41.80409       0.00000       0.00000
     -41.76509       0.00000       0.00000
     -41.72509       0.00000       0.00000
     -41.68509       0.00000       0.00000
     -41.64609       0.00000       0.00000
     -41.60609       0.00000       0.00000
     -41.56709       0.00000       0.00000
     -41.52709       0.00000       0.00000
     -41.48709       0.00000       0.00000
     -41.44809       0.00000       0.00000
     -41.40809       0.00000       0.00000
     -41.36809       0.00000       0.00000
     -41.32909       0.00000       0.00000
     -41.28909       0.00000       0.00000
     -41.25009       0.00000       0.00000
     -41.21009       0.00000       0.00000
     -41.17009       0.00000       0.00000
     -41.13109       0.00000       0.00000
     -41.09109       0.00000       0.00000
     -41.05209       0.00000       0.00000
     -41.01209       0.00000       0.00000
     -40.97209       0.00000       0.00000
     -40.93309       0.00000       0.00000
     -40.89309       0.00000       0.00000
     -40.85309       0.00000       0.00000
     -40.81409       0.00000       0.00000
     -40.77409       0.00000       0.00000
     -40.73509       0.00000       0.00000
     -40.69509       0.00000       0.00000
     -40.65509       0.00000       0.00000
     -40.61609       0.00000       0.00000
     -40.57609       0.00000       0.00000
     -40.53709       0.00000       0.00000
     -40.49709       0.00000       0.00000
     -40.45709       0.00000       0.00000
     -40.41809       0.00000       0.00000
     -40.37809       0.00000       0.00000
     -40.33809       0.00000       0.00000
     -40.29909       0.00000       0.00000
     -40.25909       0.00000       0.00000
     -40.22009       0.00000       0.00000
     -40.18009       0.00000       0.00000
     -40.14009       0.00000       0.00000
     -40.10109       0.00000       0.00000
     -40.06109       0.00000       0.00000
     -40.02209       0.00000       0.00000
     -39.98209       0.00000       0.00000
     -39.94209       0.00000       0.00000
     -39.90309       0.00000       0.00000
     -39.86309       0.00000       0.00000
     -39.82309       0.00000       0.00000
     -39.78409       0.00000       0.00000
     -39.74409       0.00000       0.00000
     -39.70509       0.00000       0.00000
     -39.66509       0.00000       0.00000
     -39.62509       0.00000       0.00000
     -39.58609       0.00000       0.00000
     -39.54609       0.00000       0.00000
     -39.50709       0.00000       0.00000
     -39.46709       0.00000       0.00000
     -39.42709       0.00000       0.00000
     -39.38809       0.00000       0.00000
     -39.34809       0.00000       0.00000
     -39.30809       0.00000       0.00000
     -39.26909       0.00000       0.00000
     -39.22909       0.00000       0.00000
     -39.19009       0.00000       0.00000
     -39.15009       0.00000       0.00000
     -39.11009       0.00000       0.00000
     -39.07109       0.00000       0.00000
     -39.03109       0.00000       0.00000
     -38.99209       0.00000       0.00000
     -38.95209       0.00000       0.00000
     -38.91209       0.00000       0.00000
     -38.87309       0.00000       0.00000
     -38.83309       0.00000       0.00000
     -38.79309       0.00000       0.00000
     -38.75409       0.00000       0.00000
     -38.71409       0.00000       0.00000
     -38.67509       0.00000       0.00000
     -38.63509       0.00000       0.00000
     -38.59509       0.00000       0.00000
     -38.55609       0.00000       0.00000
     -38.51609       0.00000       0.00000
     -38.47709       0.00000       0.00000
     -38.43709       0.00000       0.00000
     -38.39709       0.00000       0.00000
     -38.35809       0.00000       0.00000
     -38.31809       0.00000       0.00000
     -38.27809       0.00000       0.00000
     -38.23909       0.00000       0.00000
     -38.19909       0.00000       0.00000
     -38.16009       0.00000       0.00000
     -38.12009       0.00000       0.00000
     -38.08009       0.00000       0.00000
     -38.04109       0.00000       0.00000
     -38.00109       0.00000       0.00000
     -37.96209       0.00000       0.00000
     -37.92209       0.00000       0.00000
     -37.88209       0.00000       0.00000
     -37.84309       0.00000       0.00000
     -37.80309       0.00000       0.00000
     -37.76309       0.00000       0.00000
     -37.72409       0.00000       0.00000
     -37.68409       0.00000       0.00000
     -37.64509       0.00000       0.00000
     -37.60509       0.00000       0.00000
     -37.56509       0.00000       0.00000
     -37.52609       0.00000       0.00000
     -37.48609       0.00000       0.00000
     -37.44709       0.00000       0.00000
     -37.40709       0.00000       0.00000
     -37.36709       0.00000       0.00000
     -37.32809       0.00000       0.00000
     -37.28809       0.00000       0.00000
     -37.24809       0.00000       0.00000
     -37.20909       0.00000       0.00000
     -37.16909       0.00000       0.00000
     -37.13009       0.00000       0.00000
     -37.09009       0.00000       0.00000
     -37.05009       0.00000       0.00000
     -37.01109       0.00000       0.00000
     -36.97109       0.00000       0.00000
     -36.93209       0.00000       0.00000
     -36.89209       0.00000       0.00000
     -36.85209       0.00000       0.00000
     -36.81309       0.00000       0.00000
     -36.77309       0.00000       0.00000
     -36.73309       0.00000       0.00000
     -36.69409       0.00000       0.00000
     -36.65409       0.00000       0.00000
     -36.61509       0.00000       0.00000
     -36.57509       0.00000       0.00000
     -36.53509       0.00000       0.00000
     -36.49609       0.00000       0.00000
     -36.45609       0.00000       0.00000
     -36.41709       0.00000       0.00000
     -36.37709       0.00000       0.00000
     -36.33709       0.00000       0.00000
     -36.29809       0.00000       0.00000
     -36.25809       0.00000       0.00000
     -36.21809       0.00000       0.00000
     -36.17909       0.00000       0.00000
     -36.13909       0.00000       0.00000
     -36.10009       0.00000       0.00000
     -36.06009       0.00000       0.00000
     -36.02009       0.00000       0.00000
     -35.98109       0.00000       0.00000
     -35.94109       0.00000       0.00000
     -35.90209       0.00000       0.00000
     -35.86209       0.00000       0.00000
     -35.82209       0.00000       0.00000
     -35.78309       0.00000       0.00000
     -35.74309       0.00000       0.00000
     -35.70309       0.00000       0.00000
     -35.66409       0.00000       0.00000
     -35.62409       0.00000       0.00000
     -35.58509       0.00000       0.00000
     -35.54509       0.00000       0.00000
     -35.50509       0.00000       0.00000
     -35.46609       0.00000       0.00000
     -35.42609       0.00000       0.00000
     -35.38709       0.00000       0.00000
     -35.34709       0.00000       0.00000
     -35.30709       0.00000       0.00000
     -35.26809       0.00000       0.00000
     -35.22809       0.00000       0.00000
     -35.18809       0.00000       0.00000
     -35.14909       0.00000       0.00000
     -35.10909       0.00000       0.00000
     -35.07009       0.00000       0.00000
     -35.03009       0.00000       0.00000
     -34.99009       0.00000       0.00000
     -34.95109       0.00000       0.00000
     -34.91109       0.00000       0.00000
     -34.87209       0.00000       0.00000
     -34.83209       0.00000       0.00000
     -34.79209       0.00000       0.00000
     -34.75309       0.00000       0.00000
     -34.71309       0.00000       0.00000
     -34.67309       0.00000       0.00000
     -34.63409       0.00000       0.00000
     -34.59409       0.00000       0.00000
     -34.55509       0.00000       0.00000
     -34.51509       0.00000       0.00000
     -34.47509       0.00000       0.00000
     -34.43609       0.00000       0.00000
     -34.39609       0.00000       0.00000
     -34.35709       0.00000       0.00000
     -34.31709       0.00000       0.00000
     -34.27709       0.00000       0.00000
     -34.23809       0.00000       0.00000
     -34.19809       0.00000       0.00000
     -34.15809       0.00000       0.00000
     -34.11909       0.00000       0.00000
     -34.07909       0.00000       0.00000
     -34.04009       0.00000       0.00000
     -34.00009       0.00000       0.00000
     -33.96009       0.00000       0.00000
     -33.92109       0.00000       0.00000
     -33.88109       0.00000       0.00000
     -33.84209       0.00000       0.00000
     -33.80209       0.00000       0.00000
     -33.76209       0.00000       0.00000
     -33.72309       0.00000       0.00000
     -33.68309       0.00000       0.00000
     -33.64309       0.00000       0.00000
     -33.60409       0.00000       0.00000
     -33.56409       0.00000       0.00000
     -33.52509       0.00000       0.00000
     -33.48509       0.00000       0.00000
     -33.44509       0.00000       0.00000
     -33.40609       0.00000       0.00000
     -33.36609       0.00000       0.00000
     -33.32709       0.00000       0.00000
     -33.28709       0.00000       0.00000
     -33.24709       0.00000       0.00000
     -33.20809       0.00000       0.00000
     -33.16809       0.00000       0.00000
     -33.12809       0.00000       0.00000
     -33.08909       0.00000       0.00000
     -33.04909       0.00000       0.00000
     -33.01009       0.00000       0.00000
     -32.97009       0.00000       0.00000
     -32.93009       0.00000       0.00000
     -32.89109       0.00000       0.00000
     -32.85109       0.00000       0.00000
     -32.81209       0.00000       0.00000
     -32.77209       0.00000       0.00000
     -32.73209       0.00000       0.00000
     -32.69309       0.00000       0.00000
     -32.65309       0.00000       0.00000
     -32.61309       0.00000       0.00000
     -32.57409       0.00000       0.00000
     -32.53409       0.00000       0.00000
     -32.49509       0.00000       0.00000
     -32.45509       0.00000       0.00000
     -32.41509       0.00000       0.00000
     -32.37609       0.00000       0.00000
     -32.33609       0.00000       0.00000
     -32.29609       0.00000       0.00000
     -32.25709       0.00000       0.00000
     -32.21709       0.00000       0.00000
     -32.17809       0.00000       0.00000
     -32.13809       0.00000       0.00000
     -32.09809       0.00000       0.00000
     -32.05909       0.00000       0.00000
     -32.01909       0.00000       0.00000
     -31.98009       0.00000       0.00000
     -31.94009       0.00000       0.00000
     -31.90009       0.00000       0.00000
     -31.86109       0.00000       0.00000
     -31.82109       0.00000       0.00000
     -31.78109       0.00000       0.00000
     -31.74209       0.00000       0.00000
     -31.70209       0.00000       0.00000
     -31.66309       0.00000       0.00000
     -31.62309       0.00000       0.00000
     -31.58309       0.00000       0.00000
     -31.54409       0.00000       0.00000
     -31.50409       0.00000       0.00000
     -31.46509       0.00000       0.00000
     -31.42509       0.00000       0.00000
     -31.38509       0.00000       0.00000
     -31.34609       0.00000       0.00000
     -31.30609       0.00000       0.00000
     -31.26609       0.00000       0.00000
     -31.22709       0.00000       0.00000
     -31.18709       0.00000       0.00000
     -31.14809       0.00000       0.00000
     -31.10809       0.00000       0.00000
     -31.06809       0.00000       0.00000
     -31.02909       0.00000       0.00000
     -30.98909       0.00000       0.00000
     -30.95009       0.00000       0.00000
     -30.91009       0.00000       0.00000
     -30.87009       0.00000       0.00000
     -30.83109       0.00000       0.00000
     -30.79109       0.00000       0.00000
     -30.75109       0.00000       0.00000
     -30.71209       0.00000       0.00000
     -30.67209       0.00000       0.00000
     -30.63309       0.00000       0.00000
     -30.59309       0.00000       0.00000
     -30.55309       0.00000       0.00000
     -30.51409       0.00000       0.00000
     -30.47409       0.00000       0.00000
     -30.43509       0.00000       0.00000
     -30.39509       0.00000       0.00000
     -30.35509       0.00000       0.00000
     -30.31609       0.00000       0.00000
     -30.27609       0.00000       0.00000
     -30.23609       0.00000       0.00000
     -30.19709       0.00000       0.00000
     -30.15709       0.00000       0.00000
     -30.11809       0.00000       0.00000
     -30.07809       0.00000       0.00000
     -30.03809       0.00000       0.00000
     -29.99909       0.00000       0.00000
     -29.95909       0.00000       0.00000
     -29.92009       0.00000       0.00000
     -29.88009       0.00000       0.00000
     -29.84009       0.00000       0.00000
     -29.80109       0.00000       0.00000
     -29.76109       0.00000       0.00000
     -29.72109       0.00000       0.00000
     -29.68209       0.00000       0.00000
     -29.64209       0.00000       0.00000
     -29.60309       0.00000       0.00000
     -29.56309       0.00000       0.00000
     -29.52309       0.00000       0.00000
     -29.48409       0.00000       0.00000
     -29.44409       0.00000       0.00000
     -29.40509       0.00000       0.00000
     -29.36509       0.00000       0.00000
     -29.32509       0.00000       0.00000
     -29.28609       0.00000       0.00000
     -29.24609       0.00000       0.00000
     -29.20609       0.00000       0.00000
     -29.16709       0.00000       0.00000
     -29.12709       0.00000       0.00000
     -29.08809       0.00000       0.00000
     -29.04809       0.00000       0.00000
     -29.00809       0.00000       0.00000
     -28.96909       0.00000       0.00000
     -28.92909       0.00000       0.00000
     -28.89009       0.00000       0.00000
     -28.85009       0.00000       0.00000
     -28.81009       0.00000       0.00000
     -28.77109       0.00000       0.00000
     -28.73109       0.00000       0.00000
     -28.69109       0.00000       0.00000
     -28.65209       0.00000       0.00000
     -28.61209       0.00000       0.00000
     -28.57309       0.00000       0.00000
     -28.53309       0.00000       0.00000
     -28.49309       0.00000       0.00000
     -28.45409       0.00000       0.00000
     -28.41409       0.00000       0.00000
     -28.37509       0.00000       0.00000
     -28.33509       0.00000       0.00000
     -28.29509       0.00000       0.00000
     -28.25609       0.00000       0.00000
     -28.21609       0.00000       0.00000
     -28.17609       0.00000       0.00000
     -28.13709       0.00000       0.00000
     -28.09709       0.00000       0.00000
     -28.05809       0.00000       0.00000
     -28.01809       0.00000       0.00000
     -27.97809       0.00000       0.00000
     -27.93909       0.00000       0.00000
     -27.89909       0.00000       0.00000
     -27.86009       0.00000       0.00000
     -27.82009       0.00000       0.00000
     -27.78009       0.00000       0.00000
     -27.74109       0.00000       0.00000
     -27.70109       0.00000       0.00000
     -27.66109       0.00000       0.00000
     -27.62209       0.00000       0.00000
     -27.58209       0.00000       0.00000
     -27.54309       0.00000       0.00000
     -27.50309       0.00000       0.00000
     -27.46309       0.00000       0.00000
     -27.42409       0.00000       0.00000
     -27.38409       0.00000       0.00000
     -27.34509       0.00000       0.00000
     -27.30509       0.00000       0.00000
     -27.26509       0.00000       0.00000
     -27.22609       0.00000       0.00000
     -27.18609       0.00000       0.00000
     -27.14609       0.00000       0.00000
     -27.10709       0.00000       0.00000
     -27.06709       0.00000       0.00000
     -27.02809       0.00000       0.00000
     -26.98809       0.00000       0.00000
     -26.94809       0.00000       0.00000
     -26.90909       0.00000       0.00000
     -26.86909       0.00000       0.00000
     -26.83009       0.00000       0.00000
     -26.79009       0.00000       0.00000
     -26.75009       0.00000       0.00000
     -26.71109       0.00000       0.00000
     -26.67109       0.00000       0.00000
     -26.63109       0.00000       0.00000
     -26.59209       0.00000       0.00000
     -26.55209       0.00000       0.00000
     -26.51309       0.00000       0.00000
     -26.47309       0.00000       0.00000
     -26.43309       0.00000       0.00000
     -26.39409       0.00000       0.00000
     -26.35409       0.00000       0.00000
     -26.31509       0.00000       0.00000
     -26.27509       0.00000       0.00000
     -26.23509       0.00000       0.00000
     -26.19609       0.00000       0.00000
     -26.15609       0.00000       0.00000
     -26.11609       0.00000       0.00000
     -26.07709       0.00000       0.00000
     -26.03709       0.00000       0.00000
     -25.99809       0.00000       0.00000
     -25.95809       0.00000       0.00000
     -25.91809       0.00000       0.00000
     -25.87909       0.00000       0.00000
     -25.83909       0.00000       0.00000
     -25.80009       0.00000       0.00000
     -25.76009       0.00000       0.00000
     -25.72009       0.00000       0.00000
     -25.68109       0.00000       0.00000
     -25.64109       0.00000       0.00000
     -25.60109       0.00000       0.00000
     -25.56209       0.00000       0.00000
     -25.52209       0.00000       0.00000
     -25.48309       0.00000       0.00000
     -25.44309       0.00000       0.00000
     -25.40309       0.00000       0.00000
     -25.36409       0.00000       0.00000
     -25.32409       0.00000       0.00000
     -25.28509       0.00000       0.00000
     -25.24509       0.00000       0.00000
     -25.20509       0.00000       0.00000
     -25.16609       0.00000       0.00000
     -25.12609       0.00000       0.00000
     -25.08609       0.00000       0.00000
     -25.04709       0.00000       0.00000
     -25.00709       0.00000       0.00000
     -24.96809       0.00000       0.00000
     -24.92809       0.00000       0.00000
     -24.88809       0.00000       0.00000
     -24.84909       0.00000       0.00000
     -24.80909       0.00000       0.00000
     -24.77009       0.00000       0.00000
     -24.73009       0.00000       0.00000
     -24.69009       0.00000       0.00000
     -24.65109       0.00000       0.00000
     -24.61109       0.00000       0.00000
     -24.57109       0.00000       0.00000
     -24.53209       0.00000       0.00000
     -24.49209       0.00000       0.00000
     -24.45309       0.00000       0.00000
     -24.41309       0.00000       0.00000
     -24.37309       0.00000       0.00000
     -24.33409       0.00000       0.00000
     -24.29409       0.00000       0.00000
     -24.25509       0.00000       0.00000
     -24.21509       0.00000       0.00000
     -24.17509       0.00000       0.00000
     -24.13609       0.00000       0.00000
     -24.09609       0.00000       0.00000
     -24.05609       0.00000       0.00000
     -24.01709       0.00000       0.00000
     -23.97709       0.00000       0.00000
     -23.93809       0.00000       0.00000
     -23.89809       0.00000       0.00000
     -23.85809       0.00000       0.00000
     -23.81909       0.00000       0.00000
     -23.77909       0.00000       0.00000
     -23.74009       0.00000       0.00000
     -23.70009       0.00000       0.00000
     -23.66009       0.00000       0.00000
     -23.62109       0.00000       0.00000
     -23.58109       0.00000       0.00000
     -23.54109       0.00000       0.00000
     -23.50209       0.00000       0.00000
     -23.46209       0.00000       0.00000
     -23.42309       0.00000       0.00000
     -23.38309       0.00000       0.00000
     -23.34309       0.00000       0.00000
     -23.30409       0.00000       0.00000
     -23.26409       0.00000       0.00000
     -23.22509       0.00000       0.00000
     -23.18509       0.00000       0.00000
     -23.14509       0.00000       0.00000
     -23.10609       0.00000       0.00000
     -23.06609       0.00000       0.00000
     -23.02609       0.00000       0.00000
     -22.98709       0.00000       0.00000
     -22.94709       0.00000       0.00000
     -22.90809       0.00000       0.00000
     -22.86809       0.00000       0.00000
     -22.82809       0.00000       0.00000
     -22.78909       0.00000       0.00000
     -22.74909       0.00000       0.00000
     -22.71009       0.00000       0.00000
     -22.67009       0.00000       0.00000
     -22.63009       0.00000       0.00000
     -22.59109       0.00000       0.00000
     -22.55109       0.00000       0.00000
     -22.51109       0.00000       0.00000
     -22.47209       0.00000       0.00000
     -22.43209       0.00000       0.00000
     -22.39309       0.00000       0.00000
     -22.35309       0.00000       0.00000
     -22.31309       0.00000       0.00000
     -22.27409       0.00000       0.00000
     -22.23409       0.00000       0.00000
     -22.19509       0.00000       0.00000
     -22.15509       0.00000       0.00000
     -22.11509       0.00000       0.00000
     -22.07609       0.00000       0.00000
     -22.03609       0.00000       0.00000
     -21.99609       0.00000       0.00000
     -21.95709       0.00000       0.00000
     -21.91709       0.00000       0.00000
     -21.87809       0.00000       0.00000
     -21.83809       0.00000       0.00000
     -21.79809       0.00000       0.00000
     -21.75909       0.00000       0.00000
     -21.71909       0.00000       0.00000
     -21.68009       0.00000       0.00000
     -21.64009       0.00000       0.00000
     -21.60009       0.00000       0.00000
     -21.56109       0.00000       0.00000
     -21.52109       0.00000       0.00000
     -21.48109       0.00000       0.00000
     -21.44209       0.00000       0.00000
     -21.40209       0.00000       0.00000
     -21.36309       0.00000       0.00000
     -21.32309       0.00000       0.00000
     -21.28309       0.00000       0.00000
     -21.24409       0.00000       0.00000
     -21.20409       0.00000       0.00000
     -21.16509       0.00000       0.00000
     -21.12509       0.00000       0.00000
     -21.08509       0.00000       0.00000
     -21.04609       0.00000       0.00000
     -21.00609       0.00000       0.00000
     -20.96609       0.00000       0.00000
     -20.92709       0.00000       0.00000
     -20.88709       0.00000       0.00000
     -20.84809       0.00000       0.00000
     -20.80809       0.00000       0.00000
     -20.76809       0.00000       0.00000
     -20.72909       0.00000       0.00000
     -20.68909       0.00000       0.00000
     -20.65009       0.00000       0.00000
     -20.61009       0.00000       0.00000
     -20.57009       0.00000       0.00000
     -20.53109       0.00000       0.00000
     -20.49109       0.00000       0.00000
     -20.45109       0.00000       0.00000
     -20.41209       0.00000       0.00000
     -20.37209       0.00000       0.00000
     -20.33309       0.00000       0.00000
     -20.29309       0.00000       0.00000
     -20.25309       0.00000       0.00000
     -20.21409       0.00000       0.00000
     -20.17409       0.00000       0.00000
     -20.13509       0.00000       0.00000
     -20.09509       0.00000       0.00000
     -20.05509       0.00000       0.00000
     -20.01609       0.00000       0.00000
     -19.97609       0.00000       0.00000
     -19.93609       0.00000       0.00000
     -19.89709       0.00000       0.00000
     -19.85709       0.00000       0.00000
     -19.81809       0.00000       0.00000
     -19.77809       0.00000       0.00000
     -19.73809       0.00000       0.00000
     -19.69909       0.00000       0.00000
     -19.65909       0.00000       0.00000
     -19.62009       0.00000       0.00000
     -19.58009       0.00000       0.00000
     -19.54009       0.00000       0.00000
     -19.50109       0.00000       0.00000
     -19.46109       0.00000       0.00000
     -19.42109       0.00000       0.00000
     -19.38209       0.00000       0.00000
     -19.34209       0.00000       0.00000
     -19.30309       0.00000       0.00000
     -19.26309       0.00000       0.00000
     -19.22309       0.00000       0.00000
     -19.18409       0.00000       0.00000
     -19.14409       0.00000       0.00000
     -19.10509       0.00000       0.00000
     -19.06509       0.00000       0.00000
     -19.02509       0.00000       0.00000
     -18.98609       0.00000       0.00000
     -18.94609       0.00000       0.00000
     -18.90609       0.00000       0.00000
     -18.86709       0.00000       0.00000
     -18.82709       0.00000       0.00000
     -18.78809       0.00000       0.00000
     -18.74809       0.00000       0.00000
     -18.70809       0.00000       0.00000
     -18.66909       0.00000       0.00000
     -18.62909       0.00000       0.00000
     -18.59009       0.00000       0.00000
     -18.55009       0.00000       0.00000
     -18.51009       0.00000       0.00000
     -18.47109       0.00000       0.00000
     -18.43109       0.00000       0.00000
     -18.39109       0.00000       0.00000
     -18.35209       0.00000       0.00000
     -18.31209       0.00000       0.00000
     -18.27309       0.00000       0.00000
     -18.23309       0.00000       0.00000
     -18.19309       0.00000       0.00000
     -18.15409       0.00000       0.00000
     -18.11409       0.00000       0.00000
     -18.07509       0.00000       0.00000
     -18.03509       0.00000       0.00000
     -17.99509       0.00000       0.00000
     -17.95609       0.00000       0.00000
     -17.91609       0.00000       0.00000
     -17.87609       0.00000       0.00000
     -17.83709       0.00000       0.00000
     -17.79709       0.00000       0.00000
     -17.75809       0.00000       0.00000
     -17.71809       0.00000       0.00000
     -17.67809       0.00000       0.00000
     -17.63909       0.00000       0.00000
     -17.59909       0.00000       0.00000
     -17.56009       0.00000       0.00000
     -17.52009       0.00000       0.00000
     -17.48009       0.00000       0.00000
     -17.44109       0.00000       0.00000
     -17.40109       0.00000       0.00000
     -17.36109       0.00000       0.00000
     -17.32209       0.00000       0.00000
     -17.28209       0.00000       0.00000
     -17.24309       0.00000       0.00000
     -17.20309       0.00000       0.00000
     -17.16309       0.00000       0.00000
     -17.12409       0.00000       0.00000
     -17.08409       0.00000       0.00000
     -17.04509       0.00000       0.00000
     -17.00509       0.00000       0.00000
     -16.96509       0.00000       0.00000
     -16.92609       0.00000       0.00000
     -16.88609       0.00000       0.00000
     -16.84609       0.00000       0.00000
     -16.80709       0.00000       0.00000
     -16.76709       0.00000       0.00000
     -16.72809       0.00000       0.00000
     -16.68809       0.00000       0.00000
     -16.64809       0.00000       0.00000
     -16.60909       0.00000       0.00000
     -16.56909       0.00000       0.00000
     -16.53009       0.00000       0.00000
     -16.49009       0.00000       0.00000
     -16.45009       0.00000       0.00000
     -16.41109       0.00000       0.00000
     -16.37109       0.00000       0.00000
     -16.33109       0.00000       0.00000
     -16.29209       0.00000       0.00000
     -16.25209       0.00000       0.00000
     -16.21309       0.00000       0.00000
     -16.17309       0.00000       0.00000
     -16.13309       0.00000       0.00000
     -16.09409       0.00000       0.00000
     -16.05409       0.00000       0.00000
     -16.01509       0.00000       0.00000
     -15.97509       0.00000       0.00000
     -15.93509       0.00000       0.00000
     -15.89609       0.00000       0.00000
     -15.85609       0.00000       0.00000
     -15.81609       0.00000       0.00000
     -15.77709       0.00000       0.00000
     -15.73709       0.00000       0.00000
     -15.69809       0.00000       0.00000
     -15.65809       0.00000       0.00000
     -15.61809       0.00000       0.00000
     -15.57909       0.00000       0.00000
     -15.53909       0.00000       0.00000
     -15.49909       0.00000       0.00000
     -15.46009       0.00000       0.00000
     -15.42009       0.00000       0.00000
     -15.38109       0.00000       0.00000
     -15.34109       0.00000       0.00000
     -15.30109       0.00000       0.00000
     -15.26209       0.00000       0.00000
     -15.22209       0.00000       0.00000
     -15.18309       0.00000       0.00000
     -15.14309       0.00000       0.00000
     -15.10309       0.00000       0.00000
     -15.06409       0.00000       0.00000
     -15.02409       0.00000       0.00000
     -14.98409       0.00000       0.00000
     -14.94509       0.00000       0.00000
     -14.90509       0.00000       0.00000
     -14.86609       0.00000       0.00000
     -14.82609       0.00000       0.00000
     -14.78609       0.00000       0.00000
     -14.74709       0.00000       0.00000
     -14.70709       0.00000       0.00000
     -14.66809       0.00000       0.00000
     -14.62809       0.00000       0.00000
     -14.58809       0.00000       0.00000
     -14.54909       0.00000       0.00000
     -14.50909       0.00000       0.00000
     -14.46909       0.00000       0.00000
     -14.43009       0.00000       0.00000
     -14.39009       0.00000       0.00000
     -14.35109       0.00000       0.00000
     -14.31109       0.00000       0.00000
     -14.27109       0.00000       0.00000
     -14.23209       0.00000       0.00000
     -14.19209       0.00000       0.00000
     -14.15309       0.00000       0.00000
     -14.11309       0.00000       0.00000
     -14.07309       0.00000       0.00000
     -14.03409       0.00000       0.00000
     -13.99409       0.00000       0.00000
     -13.95409       0.00000       0.00000
     -13.91509       0.00000       0.00000
     -13.87509       0.00000       0.00000
     -13.83609       0.00000       0.00000
     -13.79609       0.00000       0.00000
     -13.75609       0.00000       0.00000
     -13.71709       0.00000       0.00000
     -13.67709       0.00000       0.00000
     -13.63809       0.00000       0.00000
     -13.59809       0.00000       0.00000
     -13.55809       0.00000       0.00000
     -13.51909       0.00000       0.00000
     -13.47909       0.00000       0.00000
     -13.43909       0.00000       0.00000
     -13.40009       0.00000       0.00000
     -13.36009       0.00000       0.00000
     -13.32109       0.00000       0.00000
     -13.28109       0.00000       0.00000
     -13.24109       0.00000       0.00000
     -13.20209       0.00000       0.00000
     -13.16209       0.00000       0.00000
     -13.12309       0.00000       0.00000
     -13.08309       0.00000       0.00000
     -13.04309       0.00000       0.00000
     -13.00409       0.00000       0.00000
     -12.96409       0.00000       0.00000
     -12.92409       0.00000       0.00000
     -12.88509       0.00000       0.00000
     -12.84509       0.00000       0.00000
     -12.80609       0.00000       0.00000
     -12.76609       0.00000       0.00000
     -12.72609       0.00000       0.00000
     -12.68709       0.00000       0.00000
     -12.64709       0.00000       0.00000
     -12.60809       0.00000       0.00000
     -12.56809       0.00000       0.00000
     -12.52809       0.00000       0.00000
     -12.48909       0.00000       0.00000
     -12.44909       0.00000       0.00000
     -12.40909       0.00000       0.00000
     -12.37009       0.00000       0.00000
     -12.33009       0.00000       0.00000
     -12.29109       0.00000       0.00000
     -12.25109       0.00000       0.00000
     -12.21109       0.00000       0.00000
     -12.17209       0.00000       0.00000
     -12.13209       0.00000       0.00000
     -12.09309       0.00000       0.00000
     -12.05309       0.00000       0.00000
     -12.01309       0.00000       0.00000
     -11.97409       0.00000       0.00000
     -11.93409       0.00000       0.00000
     -11.89409       0.00000       0.00000
     -11.85509       0.00000       0.00000
     -11.81509       0.00000       0.00000
     -11.77609       0.00000       0.00000
     -11.73609       0.00000       0.00000
     -11.69609       0.00000       0.00000
     -11.65709       0.00000       0.00000
     -11.61709       0.00000       0.00000
     -11.57809       0.00000       0.00000
     -11.53809       0.00000       0.00000
     -11.49809       0.00000       0.00000
     -11.45909       0.00000       0.00000
     -11.41909       0.00000       0.00000
     -11.37909       0.00000       0.00000
     -11.34009       0.00000       0.00000
     -11.30009       0.00000       0.00000
     -11.26109       0.00000       0.00000
     -11.22109       0.00000       0.00000
     -11.18109       0.26970       0.00000
     -11.14209       1.36300      -0.96840
     -11.10209       2.45600      -2.06200
     -11.06309       2.51700      -2.55800
     -11.02309       2.64100      -2.52200
     -10.98309       2.98000      -2.86100
     -10.94409       3.50800      -3.20000
     -10.90409       6.98100      -5.73100
     -10.86409       1.27500      -2.77400
     -10.82509       1.88700      -0.97270
     -10.78509       4.59000      -3.73300
     -10.74609       5.10600      -4.98900
     -10.70609       6.91500      -7.10900
     -10.66609       4.29200      -5.08900
     -10.62709       1.61400      -2.45900
     -10.58709       0.00000       0.00000
     -10.54809       0.00000       0.00000
     -10.50809       0.00000       0.00000
     -10.46809       0.00000       0.00000
     -10.42909       0.00000       0.00000
     -10.38909       0.00000       0.00000
     -10.34909       0.00000       0.00000
     -10.31009       0.00000       0.00000
     -10.27009       0.00000       0.00000
     -10.23109       0.00000       0.00000
     -10.19109       0.00000       0.00000
     -10.15109       0.00000       0.00000
     -10.11209       0.00000       0.00000
     -10.07209       0.00000       0.00000
     -10.03309       0.00000       0.00000
      -9.99309       0.00000       0.00000
      -9.95309       0.00000       0.00000
      -9.91409       0.00000       0.00000
      -9.87409       0.00000       0.00000
      -9.83409       0.00000       0.00000
      -9.79509       0.00000       0.00000
      -9.75509       0.00000       0.00000
      -9.71609       0.00000       0.00000
      -9.67609       0.00000       0.00000
      -9.63609      24.53000     -14.61000
      -9.59709      14.91000     -16.90000
      -9.55709       4.35200      -4.82700
      -9.51809       2.79000      -2.87500
      -9.47809      42.72000     -24.73000
      -9.43809      16.62000     -14.88000
      -9.39909       8.15100     -13.67000
      -9.35909       6.25700      -8.47800
      -9.31909       2.40900      -2.74200
      -9.28009       2.70000      -3.03500
      -9.24009       2.99000      -3.32700
      -9.20109       3.28100      -3.62000
      -9.16109       3.58300      -4.01500
      -9.12109       6.00600      -7.64700
      -9.08209       6.67200      -6.07500
      -9.04209       6.67900      -6.87300
      -9.00309       7.16500      -5.03000
      -8.96309       1.80100       0.00000
      -8.92309       0.00000      -2.86700
      -8.88409       7.91600     -11.62000
      -8.84409      11.05000      -9.79800
      -8.80409      30.41000     -25.74000
      -8.76509      11.84000      -6.08000
      -8.72509       7.69600      -9.88800
      -8.68609      12.73000     -11.15000
      -8.64609       9.17100      -8.42800
      -8.60609       7.52800      -6.85900
      -8.56709       5.46400      -4.47000
      -8.52709       3.11700      -2.23200
      -8.48809       0.87370      -0.02640
      -8.44809       0.00000       0.00000
      -8.40809       0.00000       0.00000
      -8.36909       0.00000       0.00000
      -8.32909       0.00000       0.00000
      -8.28909       0.00000       0.00000
      -8.25009       0.00000       0.00000
      -8.21009       0.00000       0.00000
      -8.17109       0.00000       0.00000
      -8.13109       0.00000       0.00000
      -8.09109       0.00000       0.00000
      -8.05209       0.00000       0.00000
      -8.01209       0.00000       0.00000
      -7.97309       0.00000       0.00000
      -7.93309       0.00000       0.00000
      -7.89309       0.00000       0.00000
      -7.85409       0.00000       0.00000
      -7.81409       0.00000       0.00000
      -7.77409       0.00000       0.00000
      -7.73509       0.00000       0.00000
      -7.69509       0.00000       0.00000
      -7.65609       0.00000       0.00000
      -7.61609       0.00000       0.00000
      -7.57609       0.00000       0.00000
      -7.53709       0.00000       0.00000
      -7.49709       0.00000       0.00000
      -7.45809       0.00000       0.00000
      -7.41809       0.00000       0.00000
      -7.37809       0.00000       0.00000
      -7.33909       0.00000       0.00000
      -7.29909       0.00000       0.00000
      -7.25909       0.00000       0.00000
      -7.22009       0.00000       0.00000
      -7.18009       0.00000       0.00000
      -7.14109       0.00000       0.00000
      -7.10109       0.00000       0.00000
      -7.06109       0.00000       0.00000
      -7.02209       0.00000       0.00000
      -6.98209       0.00000       0.00000
      -6.94309       0.00000       0.00000
      -6.90309       0.00000       0.00000
      -6.86309       0.00000       0.00000
      -6.82409       0.00000       0.00000
      -6.78409       0.00000       0.00000
      -6.74409       0.00000       0.00000
      -6.70509       0.00000       0.00000
      -6.66509       0.00000       0.00000
      -6.62609       0.00000       0.00000
      -6.58609       0.43210      -0.18710
      -6.54609       0.90280      -0.65560
      -6.50709       1.92200      -1.12400
      -6.46709       2.56500      -2.58100
      -6.42809       2.55400      -2.57100
      -6.38809       2.16700      -2.56100
      -6.34809       1.87000      -2.03300
      -6.30909       1.57300      -1.73500
      -6.26909       1.35000      -1.43800
      -6.22909       1.31900      -1.34700
      -6.19009       1.28800      -1.31500
      -6.15009       1.25800      -1.28200
      -6.11109       1.22700      -1.25000
      -6.07109       1.19600      -1.21800
      -6.03109       1.09400      -1.18600
      -5.99209       0.89600      -0.98930
      -5.95209       0.69800      -0.79120
      -5.91309       0.50000      -0.59310
      -5.87309       0.30200      -0.39500
      -5.83309       0.10410      -0.19690
      -5.79409       0.34670      -0.00418
      -5.75409       1.07800      -0.74950
      -5.71409       1.10800      -1.11800
      -5.67509       1.10700      -1.11600
      -5.63509       1.10500      -1.11500
      -5.59609       1.10400      -1.11300
      -5.55609       1.10200      -1.11200
      -5.51609       1.10100      -1.11000
      -5.47709       1.09900      -1.10800
      -5.43709       1.09800      -1.10700
      -5.39809       1.29500      -1.10500
      -5.35809       1.31500      -1.31800
      -5.31809       1.33400      -1.33700
      -5.27909       1.35400      -1.35600
      -5.23909       1.37300      -1.37400
      -5.19909       1.90300      -1.94200
      -5.16009       1.79700      -1.86700
      -5.12009       1.63900      -1.70600
      -5.08109       1.48200      -1.54400
      -5.04109       0.97570      -1.14000
      -5.00109       0.45880      -0.62520
      -4.96209       0.00000      -0.11060
      -4.92209       0.00000       0.00000
      -4.88309       0.00000       0.00000
      -4.84309       0.00000       0.00000
      -4.80309       0.00000       0.00000
      -4.76409       0.00000       0.00000
      -4.72409       0.00000       0.00000
      -4.68409       0.00000       0.00000
      -4.64509       0.00000       0.00000
      -4.60509       0.00000       0.00000
      -4.56609       0.00000       0.00000
      -4.52609       0.00000       0.00000
      -4.48609       0.00000       0.00000
      -4.44709       0.00000       0.00000
      -4.40709       0.00000       0.00000
      -4.36809       0.00000       0.00000
      -4.32809       0.00000       0.00000
      -4.28809       0.00000       0.00000
      -4.24909       0.00000       0.00000
      -4.20909       0.27010      -0.13610
      -4.16909       0.90370      -0.73210
      -4.13009       1.57800      -1.40600
      -4.09009       2.25200      -2.08000
      -4.05109       2.19700      -2.19700
      -4.01109       2.22500      -2.18100
      -3.97109       2.62000      -2.49800
      -3.93209       3.46500      -3.16700
      -3.89209       4.40200      -4.10400
      -3.85309       5.33900      -5.04100
      -3.81309       6.27600      -5.97800
      -3.77309       9.49900      -8.10200
      -3.73409       8.63200      -9.34200
      -3.69409       6.12900      -6.77300
      -3.65409       2.95200      -2.98000
      -3.61509       2.85900      -2.88400
      -3.57509       2.79200      -2.80400
      -3.53609       3.53800      -3.46100
      -3.49609       4.28500      -4.11800
      -3.45609       5.06500      -4.89500
      -3.41709       7.93400      -8.49000
      -3.37709       7.60900      -7.84600
      -3.33809       7.37100      -7.65500
      -3.29809       7.00400      -6.35500
      -3.25809       2.67300      -2.88800
      -3.21909       4.25600      -4.04200
      -3.17909       4.34600      -4.14400
      -3.13909       4.69700      -4.67100
      -3.10009       5.34000      -5.34700
      -3.06009       6.03900      -6.02400
      -3.02109       8.71300      -8.96800
      -2.98109      10.92000     -10.87000
      -2.94109      12.09000     -12.02000
      -2.90209      12.36000     -12.31000
      -2.86209      12.38000     -12.75000
      -2.82309      15.05000     -15.64000
      -2.78309       9.38800      -9.41400
      -2.74309       8.00500      -7.98200
      -2.70409      12.98000     -15.20000
      -2.66409      11.27000      -9.97100
      -2.62409       4.08500      -3.80000
      -2.58509       6.44800      -6.51100
      -2.54509       7.37400      -7.87200
      -2.50609      16.27000     -16.44000
      -2.46609      11.12000     -11.34000
      -2.42609       1.42400      -1.59500
      -2.38709       1.42400      -1.45200
      -2.34709       6.96700      -7.66400
      -2.30809      13.91000     -10.76000
      -2.26809       9.80500      -8.57900
      -2.22809       6.90900      -7.34500
      -2.18909       5.34600      -5.25600
      -2.14909       6.14400      -5.97000
      -2.10909      14.10000     -12.47000
      -2.07009       8.45100      -8.67500
      -2.03009       8.82200      -9.18000
      -1.99109       8.13700      -8.65200
      -1.95109      13.17000     -13.05000
      -1.91109      10.45000     -10.15000
      -1.87209      13.13000     -13.05000
      -1.83209      12.27000     -12.27000
      -1.79309      12.29000     -11.93000
      -1.75309      10.09000      -9.60700
      -1.71309      11.94000     -12.53000
      -1.67409      13.25000     -13.13000
      -1.63409      14.02000     -13.81000
      -1.59409      16.84000     -17.07000
      -1.55509      13.66000     -13.62000
      -1.51509      13.64000     -13.72000
      -1.47609      14.08000     -14.18000
      -1.43609      11.69000     -11.19000
      -1.39609      15.30000     -14.30000
      -1.35709      13.87000     -13.48000
      -1.31709      12.40000     -12.14000
      -1.27809      10.74000     -10.65000
      -1.23809       9.24400      -9.18800
      -1.19809       7.88500      -7.81600
      -1.15909      12.08000     -12.74000
      -1.11909       9.87200     -10.38000
      -1.07909      11.00000     -10.94000
      -1.04009      10.14000     -10.07000
      -1.00009       9.48100      -9.41500
      -0.96109       8.61100      -8.52700
      -0.92109       7.91100      -7.74400
      -0.88109       7.28400      -7.20200
      -0.84209       6.18400      -6.25400
      -0.80209       7.39600      -7.73900
      -0.76309      20.94000     -16.34000
      -0.72309       7.09800      -7.30000
      -0.68309       8.35300      -9.23800
      -0.64409      12.99000     -14.55000
      -0.60409      12.64000     -13.49000
      -0.56409      28.15000     -10.44000
      -0.52509       7.77700      -7.20500
      -0.48509       6.96000      -6.82800
      -0.44609       6.59800      -6.45100
      -0.40609       5.92000      -5.68700
      -0.36609       3.99900      -3.80400
      -0.32709       3.28900      -3.16000
      -0.28709       2.82100      -2.72000
      -0.24809       2.51000      -2.51100
      -0.20809       2.23000      -3.78300
      -0.16809       3.20600      -3.18000
      -0.12909       2.59800      -2.57700
      -0.08909       1.99100      -1.97300
      -0.04909       1.42600      -1.50900
      -0.01009       0.00000       0.00000
       0.02991       0.00000       0.00000
       0.06891       0.00000       0.00000
       0.10891       0.00000       0.00000
       0.14891       0.00000       0.00000
       0.18791       0.09769       0.00000
       0.22791       0.85030      -0.61510
       0.26691       1.00200      -1.00900
       0.30691       1.00200      -1.00900
       0.34691       1.00100      -1.00800
       0.38591       1.00100      -1.00800
       0.42591       1.00000      -1.00700
       0.46591       0.99990      -1.00700
       0.50491       0.99940      -1.00600
       0.54491       0.99890      -1.00500
       0.58391       0.99850      -1.00500
       0.62391       0.99800      -1.00400
       0.66391       1.09700      -1.00400
       0.70291       1.03400      -1.07300
       0.74291       0.97230      -1.01200
       0.78191       1.18300      -1.22300
       0.82191       1.14300      -1.18000
       0.86191       1.10300      -1.13700
       0.90091       1.06300      -1.09400
       0.94091       1.02200      -1.05100
       0.98091       0.98230      -1.00800
       1.01991       0.91100      -0.95890
       1.05991       0.80890      -0.85650
       1.09891       0.70680      -0.75410
       1.13891       0.60470      -0.65170
       1.17891       0.50260      -0.54930
       1.21791       0.40050      -0.44690
       1.25791       0.29840      -0.34440
       1.29791       0.19630      -0.24200
       1.33691       0.09419      -0.13960
       1.37691       0.03903      -0.03720
       1.41591       0.60550      -0.37380
       1.45591       1.23600      -1.02200
       1.49591       1.86800      -1.67300
       1.53491       2.50200      -2.34500
       1.57491       2.78500      -2.78800
       1.61391       3.06900      -3.09100
       1.65391       3.35200      -3.39300
       1.69391       2.59500      -2.70800
       1.73291       1.43100      -1.43100
       1.77291       1.44300      -1.44300
       1.81291       1.45400      -1.45400
       1.85191       1.46600      -1.46500
       1.89191       1.47700      -1.47600
       1.93091       1.48900      -1.48800
       1.97091       1.50000      -1.49900
       2.01091       1.51200      -1.51000
       2.04991       1.52300      -1.52100
       2.08991       2.17100      -2.24900
       2.12891       1.96800      -2.03000
       2.16891       2.75200      -2.89200
       2.20891       2.43700      -2.54700
       2.24791       2.60900      -2.58200
       2.28791       3.00700      -2.96800
       2.32791       3.46800      -3.41300
       2.36691       3.63900      -3.61400
       2.40691       3.57300      -3.56400
       2.44591       3.50700      -3.51300
       2.48591       3.44100      -3.46200
       2.52591       3.51600      -3.52400
       2.56491       3.65800      -3.65800
       2.60491       3.98600      -3.98200
       2.64391       4.83000      -4.86500
       2.68391       6.03400      -6.03500
       2.72391       8.06200      -8.45200
       2.76291       6.43100      -6.55500
       2.80291       6.41200      -6.43300
       2.84291       7.03700      -7.02800
       2.88191       8.37700      -8.21300
       2.92191       8.29900     -11.56000
       2.96091       9.03500      -8.93400
       3.00091       9.04800      -9.61100
       3.04091       8.49200      -8.50100
       3.07991       8.99000      -9.02500
       3.11991       8.17700      -8.29200
       3.15891       8.15300      -8.26200
       3.19891       8.56600      -8.70300
       3.23891       8.70200      -8.80700
       3.27791       9.75000      -9.61800
       3.31791       7.97200      -8.27200
       3.35791       6.66700     -10.60000
       3.39691       6.68900      -7.09400
       3.43691       7.90600      -7.60400
       3.47591       6.47000      -6.55100
       3.51591       6.57700      -6.67700
       3.55591       9.69000     -10.69000
       3.59491      11.58000     -10.80000
       3.63491      10.98000     -10.79000
       3.67391       9.65900      -9.53300
       3.71391       9.51200      -9.38900
       3.75391       9.75000      -9.59100
       3.79291      10.25000     -10.06000
       3.83291      12.60000     -12.31000
       3.87291      12.69000     -12.12000
       3.91191       8.38400      -8.40600
       3.95191      11.29000     -11.07000
       3.99091       9.94900     -10.13000
       4.03091      10.28000     -10.21000
       4.07091      15.58000     -15.26000
       4.10991      11.89000     -12.38000
       4.14991       8.89300      -9.12200
       4.18891       9.15800      -9.41200
       4.22891      10.66000     -10.85000
       4.26891      11.39000     -10.84000
       4.30791      12.65000     -12.42000
       4.34791      10.79000     -10.76000
       4.38791      11.41000     -11.36000
       4.42691      17.93000     -18.67000
       4.46691      12.63000     -10.72000
       4.50591       8.26600      -8.22300
       4.54591      12.47000     -12.31000
       4.58591      19.00000     -18.87000
       4.62491      10.07000     -10.25000
       4.66491      10.06000     -10.09000
       4.70391      13.11000     -12.98000
       4.74391      13.11000     -13.34000
       4.78391      11.61000     -11.66000
       4.82291       8.56800      -8.51100
       4.86291       8.05800      -8.08600
       4.90291       8.43500      -8.55800
       4.94191      10.49000     -11.17000
       4.98191      10.57000     -10.14000
       5.02091       7.95500      -7.94600
       5.06091      11.30000     -11.10000
       5.10091       9.95400      -9.85900
       5.13991       8.41700      -8.39200
       5.17991       7.77200      -7.68300
       5.21891       7.55800      -7.50700
       5.25891      10.47000     -10.93000
       5.29891       9.00800      -8.77800
       5.33791       9.35300      -9.37900
       5.37791      10.10000     -10.09000
       5.41791      12.49000     -11.94000
       5.45691       8.75900      -8.04300
       5.49691       7.14500      -6.16200
       5.53591       7.12800      -7.99700
       5.57591       7.59600      -9.12500
       5.61591       8.21700      -9.86100
       5.65491      11.02000     -10.22000
       5.69491      10.50000     -10.70000
       5.73391       8.86100      -8.92500
       5.77391       6.38300      -6.70100
       5.81391       5.26100      -8.26200
       5.85291       7.01500      -6.97700
       5.89291       6.00800      -1.30500
       5.93291       1.06000      -0.94890
       5.97191       0.68380      -0.61140
       6.01191       0.30770      -0.27390
       6.05091       0.00000       0.00000
       6.09091       0.00000       0.00000
       6.13091       0.00000       0.00000
       6.16991       0.00000       0.00000
       6.20991       0.00000       0.00000
       6.24891       0.00000       0.00000
       6.28891       0.00000       0.00000
       6.32891       0.00000       0.00000
       6.36791       0.00000       0.00000
       6.40791       0.00000       0.00000
       6.44791       0.00000       0.00000
       6.48691       0.00000       0.00000
       6.52691       0.00000       0.00000
       6.56591       0.00000       0.00000
       6.60591       0.00000       0.00000
       6.64591       0.00000       0.00000
       6.68491       0.00000       0.00000
       6.72491       0.00000       0.00000
       6.76391       0.00000       0.00000
       6.80391       0.00000       0.00000
       6.84391       0.00000       0.00000
       6.88291       0.00000       0.00000
       6.92291       0.00000       0.00000
       6.96291       0.00000       0.00000
       7.00191       0.00000       0.00000
       7.04191       0.00000       0.00000
       7.08091       0.00000       0.00000
       7.12091       0.00000       0.00000
       7.16091       0.00000       0.00000
       7.19991       0.00000       0.00000
       7.23991       0.00000       0.00000
       7.27891       0.00000       0.00000
       7.31891       0.00000       0.00000
       7.35891       0.00000       0.00000
       7.39791       0.00000       0.00000
       7.43791       0.00000       0.00000
       7.47791       0.00000       0.00000
       7.51691       0.00000       0.00000
       7.55691       0.00000       0.00000
       7.59591       0.00000       0.00000
       7.63591       0.00000       0.00000
       7.67591       0.00000       0.00000
       7.71491       0.00000       0.00000
       7.75491       0.00000       0.00000
       7.79391       0.00000       0.00000
       7.83391       0.00000       0.00000
       7.87391       0.00000       0.00000
       7.91291       0.00000       0.00000
       7.95291       0.00000       0.00000
       7.99291       0.00000       0.00000
       8.03191       0.00000       0.00000
       8.07191       0.00000       0.00000
       8.11091       0.00000       0.00000
       8.15091       0.00000       0.00000
       8.19091       0.00000       0.00000
       8.22991       0.00000       0.00000
       8.26991       0.00000       0.00000
       8.30891       0.00000       0.00000
       8.34891       0.00000       0.00000
       8.38891       0.00000       0.00000
       8.42791       0.00000       0.00000
       8.46791       0.00000       0.00000
       8.50791       0.00000       0.00000
       8.54691       0.00000       0.00000
       8.58691       0.00000       0.00000
       8.62591       0.00000       0.00000
       8.66591       0.00000       0.00000
       8.70591       0.00000       0.00000
       8.74491       0.00000       0.00000
