      #Energy        TDOS-UP        TDOS-DOWN
     -50.47636       0.00000       0.00000
     -50.43736       0.00000       0.00000
     -50.39736       0.00000       0.00000
     -50.35836       0.00000       0.00000
     -50.31936       0.00000       0.00000
     -50.27936       0.00000       0.00000
     -50.24036       0.00000       0.00000
     -50.20036       0.00000       0.00000
     -50.16136       0.00000       0.00000
     -50.12136       0.00000       0.00000
     -50.08236       0.00000       0.00000
     -50.04236       0.00000       0.00000
     -50.00336       0.00000       0.00000
     -49.96336       0.00000       0.00000
     -49.92436       0.00000       0.00000
     -49.88436       0.00000       0.00000
     -49.84536       0.00000       0.00000
     -49.80636       0.00000       0.00000
     -49.76636       0.00000       0.00000
     -49.72736       0.00000       0.00000
     -49.68736       0.00000       0.00000
     -49.64836       0.00000       0.00000
     -49.60836       0.00000       0.00000
     -49.56936       0.00000       0.00000
     -49.52936       0.00000       0.00000
     -49.49036       0.00000       0.00000
     -49.45036       0.00000       0.00000
     -49.41136       0.00000       0.00000
     -49.37136       0.00000       0.00000
     -49.33236       0.00000       0.00000
     -49.29336       0.00000       0.00000
     -49.25336       0.00000       0.00000
     -49.21436       0.00000       0.00000
     -49.17436       0.00000       0.00000
     -49.13536       0.00000       0.00000
     -49.09536       0.00000       0.00000
     -49.05636       0.00000       0.00000
     -49.01636       0.00000       0.00000
     -48.97736       0.00000       0.00000
     -48.93736       0.00000       0.00000
     -48.89836       0.00000       0.00000
     -48.85836       0.00000       0.00000
     -48.81936       0.00000       0.00000
     -48.78036       0.00000       0.00000
     -48.74036       0.00000       0.00000
     -48.70136       0.00000       0.00000
     -48.66136       0.00000       0.00000
     -48.62236       0.00000       0.00000
     -48.58236       0.00000       0.00000
     -48.54336       0.00000       0.00000
     -48.50336       0.00000       0.00000
     -48.46436       0.00000       0.00000
     -48.42436       0.00000       0.00000
     -48.38536       0.00000       0.00000
     -48.34536       0.00000       0.00000
     -48.30636       0.00000       0.00000
     -48.26736       0.00000       0.00000
     -48.22736       0.00000       0.00000
     -48.18836       0.00000       0.00000
     -48.14836       0.00000       0.00000
     -48.10936       0.00000       0.00000
     -48.06936       0.00000       0.00000
     -48.03036       0.00000       0.00000
     -47.99036       0.00000       0.00000
     -47.95136       0.00000       0.00000
     -47.91136       0.00000       0.00000
     -47.87236       0.00000       0.00000
     -47.83236       0.00000       0.00000
     -47.79336       0.00000       0.00000
     -47.75436       0.00000       0.00000
     -47.71436       0.00000       0.00000
     -47.67536       0.00000       0.00000
     -47.63536       0.00000       0.00000
     -47.59636       0.00000       0.00000
     -47.55636       0.00000       0.00000
     -47.51736       0.00000       0.00000
     -47.47736       0.00000       0.00000
     -47.43836       0.00000       0.00000
     -47.39836       0.00000       0.00000
     -47.35936       0.00000       0.00000
     -47.31936       0.00000       0.00000
     -47.28036       0.00000       0.00000
     -47.24136       0.00000       0.00000
     -47.20136       0.00000       0.00000
     -47.16236       0.00000       0.00000
     -47.12236       0.00000       0.00000
     -47.08336       0.00000       0.00000
     -47.04336       0.00000       0.00000
     -47.00436       0.00000       0.00000
     -46.96436       0.00000       0.00000
     -46.92536       0.00000       0.00000
     -46.88536       0.00000       0.00000
     -46.84636       0.00000       0.00000
     -46.80636       0.00000       0.00000
     -46.76736       0.00000       0.00000
     -46.72836       0.00000       0.00000
     -46.68836       0.00000       0.00000
     -46.64936       0.00000       0.00000
     -46.60936       0.00000       0.00000
     -46.57036       0.00000       0.00000
     -46.53036       0.00000       0.00000
     -46.49136       0.00000       0.00000
     -46.45136       0.00000       0.00000
     -46.41236       0.00000       0.00000
     -46.37236       0.00000       0.00000
     -46.33336       0.00000       0.00000
     -46.29336       0.00000       0.00000
     -46.25436       0.00000       0.00000
     -46.21536       0.00000       0.00000
     -46.17536       0.00000       0.00000
     -46.13636       0.00000       0.00000
     -46.09636       0.00000       0.00000
     -46.05736       0.00000       0.00000
     -46.01736       0.00000       0.00000
     -45.97836       0.00000       0.00000
     -45.93836       0.00000       0.00000
     -45.89936       0.00000       0.00000
     -45.85936       0.00000       0.00000
     -45.82036       0.00000       0.00000
     -45.78036       0.00000       0.00000
     -45.74136       0.00000       0.00000
     -45.70236       0.00000       0.00000
     -45.66236       0.00000       0.00000
     -45.62336       0.00000       0.00000
     -45.58336       0.00000       0.00000
     -45.54436       0.00000       0.00000
     -45.50436       0.00000       0.00000
     -45.46536       0.00000       0.00000
     -45.42536       0.00000       0.00000
     -45.38636       0.00000       0.00000
     -45.34636       0.00000       0.00000
     -45.30736       0.00000       0.00000
     -45.26736       0.00000       0.00000
     -45.22836       0.00000       0.00000
     -45.18936       0.00000       0.00000
     -45.14936       0.00000       0.00000
     -45.11036       0.00000       0.00000
     -45.07036       0.00000       0.00000
     -45.03136       0.00000       0.00000
     -44.99136       0.00000       0.00000
     -44.95236       0.00000       0.00000
     -44.91236       0.00000       0.00000
     -44.87336       0.00000       0.00000
     -44.83336       0.00000       0.00000
     -44.79436       0.00000       0.00000
     -44.75436       0.00000       0.00000
     -44.71536       0.00000       0.00000
     -44.67536       0.00000       0.00000
     -44.63636       0.00000       0.00000
     -44.59736       0.00000       0.00000
     -44.55736       0.00000       0.00000
     -44.51836       0.00000       0.00000
     -44.47836       0.00000       0.00000
     -44.43936       0.00000       0.00000
     -44.39936       0.00000       0.00000
     -44.36036       0.00000       0.00000
     -44.32036       0.00000       0.00000
     -44.28136       0.00000       0.00000
     -44.24136       0.00000       0.00000
     -44.20236       0.00000       0.00000
     -44.16236       0.00000       0.00000
     -44.12336       0.00000       0.00000
     -44.08436       0.00000       0.00000
     -44.04436       0.00000       0.00000
     -44.00536       0.00000       0.00000
     -43.96536       0.00000       0.00000
     -43.92636       0.00000       0.00000
     -43.88636       0.00000       0.00000
     -43.84736       0.00000       0.00000
     -43.80736       0.00000       0.00000
     -43.76836       0.00000       0.00000
     -43.72836       0.00000       0.00000
     -43.68936       0.00000       0.00000
     -43.64936       0.00000       0.00000
     -43.61036       0.00000       0.00000
     -43.57136       0.00000       0.00000
     -43.53136       0.00000       0.00000
     -43.49236       0.00000       0.00000
     -43.45236       0.00000       0.00000
     -43.41336       0.00000       0.00000
     -43.37336       0.00000       0.00000
     -43.33436       0.00000       0.00000
     -43.29436       0.00000       0.00000
     -43.25536       0.00000       0.00000
     -43.21536       0.00000       0.00000
     -43.17636       0.00000       0.00000
     -43.13636       0.00000       0.00000
     -43.09736       0.00000       0.00000
     -43.05836       0.00000       0.00000
     -43.01836       0.00000       0.00000
     -42.97936       0.00000       0.00000
     -42.93936       0.00000       0.00000
     -42.90036       0.00000       0.00000
     -42.86036       0.00000       0.00000
     -42.82136       0.00000       0.00000
     -42.78136       0.00000       0.00000
     -42.74236       0.00000       0.00000
     -42.70236       0.00000       0.00000
     -42.66336       0.00000       0.00000
     -42.62336       0.00000       0.00000
     -42.58436       0.00000       0.00000
     -42.54536       0.00000       0.00000
     -42.50536       0.00000       0.00000
     -42.46636       0.00000       0.00000
     -42.42636       0.00000       0.00000
     -42.38736       0.00000       0.00000
     -42.34736       0.00000       0.00000
     -42.30836       0.00000       0.00000
     -42.26836       0.00000       0.00000
     -42.22936       0.00000       0.00000
     -42.18936       0.00000       0.00000
     -42.15036       0.00000       0.00000
     -42.11036       0.00000       0.00000
     -42.07136       0.00000       0.00000
     -42.03236       0.00000       0.00000
     -41.99236       0.00000       0.00000
     -41.95336       0.00000       0.00000
     -41.91336       0.00000       0.00000
     -41.87436       0.00000       0.00000
     -41.83436       0.00000       0.00000
     -41.79536       0.00000       0.00000
     -41.75536       0.00000       0.00000
     -41.71636       0.00000       0.00000
     -41.67636       0.00000       0.00000
     -41.63736       0.00000       0.00000
     -41.59736       0.00000       0.00000
     -41.55836       0.00000       0.00000
     -41.51936       0.00000       0.00000
     -41.47936       0.00000       0.00000
     -41.44036       0.00000       0.00000
     -41.40036       0.00000       0.00000
     -41.36136       0.00000       0.00000
     -41.32136       0.00000       0.00000
     -41.28236       0.00000       0.00000
     -41.24236       0.00000       0.00000
     -41.20336       0.00000       0.00000
     -41.16336       0.00000       0.00000
     -41.12436       0.00000       0.00000
     -41.08436       0.00000       0.00000
     -41.04536       0.00000       0.00000
     -41.00636       0.00000       0.00000
     -40.96636       0.00000       0.00000
     -40.92736       0.00000       0.00000
     -40.88736       0.00000       0.00000
     -40.84836       0.00000       0.00000
     -40.80836       0.00000       0.00000
     -40.76936       0.00000       0.00000
     -40.72936       0.00000       0.00000
     -40.69036       0.00000       0.00000
     -40.65036       0.00000       0.00000
     -40.61136       0.00000       0.00000
     -40.57136       0.00000       0.00000
     -40.53236       0.00000       0.00000
     -40.49336       0.00000       0.00000
     -40.45336       0.00000       0.00000
     -40.41436       0.00000       0.00000
     -40.37436       0.00000       0.00000
     -40.33536       0.00000       0.00000
     -40.29536       0.00000       0.00000
     -40.25636       0.00000       0.00000
     -40.21636       0.00000       0.00000
     -40.17736       0.00000       0.00000
     -40.13736       0.00000       0.00000
     -40.09836       0.00000       0.00000
     -40.05836       0.00000       0.00000
     -40.01936       0.00000       0.00000
     -39.98036       0.00000       0.00000
     -39.94036       0.00000       0.00000
     -39.90136       0.00000       0.00000
     -39.86136       0.00000       0.00000
     -39.82236       0.00000       0.00000
     -39.78236       0.00000       0.00000
     -39.74336       0.00000       0.00000
     -39.70336       0.00000       0.00000
     -39.66436       0.00000       0.00000
     -39.62436       0.00000       0.00000
     -39.58536       0.00000       0.00000
     -39.54536       0.00000       0.00000
     -39.50636       0.00000       0.00000
     -39.46736       0.00000       0.00000
     -39.42736       0.00000       0.00000
     -39.38836       0.00000       0.00000
     -39.34836       0.00000       0.00000
     -39.30936       0.00000       0.00000
     -39.26936       0.00000       0.00000
     -39.23036       0.00000       0.00000
     -39.19036       0.00000       0.00000
     -39.15136       0.00000       0.00000
     -39.11136       0.00000       0.00000
     -39.07236       0.00000       0.00000
     -39.03236       0.00000       0.00000
     -38.99336       0.00000       0.00000
     -38.95436       0.00000       0.00000
     -38.91436       0.00000       0.00000
     -38.87536       0.00000       0.00000
     -38.83536       0.00000       0.00000
     -38.79636       0.00000       0.00000
     -38.75636       0.00000       0.00000
     -38.71736       0.00000       0.00000
     -38.67736       0.00000       0.00000
     -38.63836       0.00000       0.00000
     -38.59836       0.00000       0.00000
     -38.55936       0.00000       0.00000
     -38.51936       0.00000       0.00000
     -38.48036       0.00000       0.00000
     -38.44136       0.00000       0.00000
     -38.40136       0.00000       0.00000
     -38.36236       0.00000       0.00000
     -38.32236       0.00000       0.00000
     -38.28336       0.00000       0.00000
     -38.24336       0.00000       0.00000
     -38.20436       0.00000       0.00000
     -38.16436       0.00000       0.00000
     -38.12536       0.00000       0.00000
     -38.08536       0.00000       0.00000
     -38.04636       0.00000       0.00000
     -38.00636       0.00000       0.00000
     -37.96736       0.00000       0.00000
     -37.92836       0.00000       0.00000
     -37.88836       0.00000       0.00000
     -37.84936       0.00000       0.00000
     -37.80936       0.00000       0.00000
     -37.77036       0.00000       0.00000
     -37.73036       0.00000       0.00000
     -37.69136       0.00000       0.00000
     -37.65136       0.00000       0.00000
     -37.61236       0.00000       0.00000
     -37.57236       0.00000       0.00000
     -37.53336       0.00000       0.00000
     -37.49336       0.00000       0.00000
     -37.45436       0.00000       0.00000
     -37.41436       0.00000       0.00000
     -37.37536       0.00000       0.00000
     -37.33636       0.00000       0.00000
     -37.29636       0.00000       0.00000
     -37.25736       0.00000       0.00000
     -37.21736       0.00000       0.00000
     -37.17836       0.00000       0.00000
     -37.13836       0.00000       0.00000
     -37.09936       0.00000       0.00000
     -37.05936       0.00000       0.00000
     -37.02036       0.00000       0.00000
     -36.98036       0.00000       0.00000
     -36.94136       0.00000       0.00000
     -36.90136       0.00000       0.00000
     -36.86236       0.00000       0.00000
     -36.82336       0.00000       0.00000
     -36.78336       0.00000       0.00000
     -36.74436       0.00000       0.00000
     -36.70436       0.00000       0.00000
     -36.66536       0.00000       0.00000
     -36.62536       0.00000       0.00000
     -36.58636       0.00000       0.00000
     -36.54636       0.00000       0.00000
     -36.50736       0.00000       0.00000
     -36.46736       0.00000       0.00000
     -36.42836       0.00000       0.00000
     -36.38836       0.00000       0.00000
     -36.34936       0.00000       0.00000
     -36.31036       0.00000       0.00000
     -36.27036       0.00000       0.00000
     -36.23136       0.00000       0.00000
     -36.19136       0.00000       0.00000
     -36.15236       0.00000       0.00000
     -36.11236       0.00000       0.00000
     -36.07336       0.00000       0.00000
     -36.03336       0.00000       0.00000
     -35.99436       0.00000       0.00000
     -35.95436       0.00000       0.00000
     -35.91536       0.00000       0.00000
     -35.87536       0.00000       0.00000
     -35.83636       0.00000       0.00000
     -35.79736       0.00000       0.00000
     -35.75736       0.00000       0.00000
     -35.71836       0.00000       0.00000
     -35.67836       0.00000       0.00000
     -35.63936       0.00000       0.00000
     -35.59936       0.00000       0.00000
     -35.56036       0.00000       0.00000
     -35.52036       0.00000       0.00000
     -35.48136       0.00000       0.00000
     -35.44136       0.00000       0.00000
     -35.40236       0.00000       0.00000
     -35.36236       0.00000       0.00000
     -35.32336       0.00000       0.00000
     -35.28436       0.00000       0.00000
     -35.24436       0.00000       0.00000
     -35.20536       0.00000       0.00000
     -35.16536       0.00000       0.00000
     -35.12636       0.00000       0.00000
     -35.08636       0.00000       0.00000
     -35.04736       0.00000       0.00000
     -35.00736       0.00000       0.00000
     -34.96836       0.00000       0.00000
     -34.92836       0.00000       0.00000
     -34.88936       0.00000       0.00000
     -34.84936       0.00000       0.00000
     -34.81036       0.00000       0.00000
     -34.77136       0.00000       0.00000
     -34.73136       0.00000       0.00000
     -34.69236       0.00000       0.00000
     -34.65236       0.00000       0.00000
     -34.61336       0.00000       0.00000
     -34.57336       0.00000       0.00000
     -34.53436       0.00000       0.00000
     -34.49436       0.00000       0.00000
     -34.45536       0.00000       0.00000
     -34.41536       0.00000       0.00000
     -34.37636       0.00000       0.00000
     -34.33636       0.00000       0.00000
     -34.29736       0.00000       0.00000
     -34.25836       0.00000       0.00000
     -34.21836       0.00000       0.00000
     -34.17936       0.00000       0.00000
     -34.13936       0.00000       0.00000
     -34.10036       0.00000       0.00000
     -34.06036       0.00000       0.00000
     -34.02136       0.00000       0.00000
     -33.98136       0.00000       0.00000
     -33.94236       0.00000       0.00000
     -33.90236       0.00000       0.00000
     -33.86336       0.00000       0.00000
     -33.82336       0.00000       0.00000
     -33.78436       0.00000       0.00000
     -33.74536       0.00000       0.00000
     -33.70536       0.00000       0.00000
     -33.66636       0.00000       0.00000
     -33.62636       0.00000       0.00000
     -33.58736       0.00000       0.00000
     -33.54736       0.00000       0.00000
     -33.50836       0.00000       0.00000
     -33.46836       0.00000       0.00000
     -33.42936       0.00000       0.00000
     -33.38936       0.00000       0.00000
     -33.35036       0.00000       0.00000
     -33.31036       0.00000       0.00000
     -33.27136       0.00000       0.00000
     -33.23236       0.00000       0.00000
     -33.19236       0.00000       0.00000
     -33.15336       0.00000       0.00000
     -33.11336       0.00000       0.00000
     -33.07436       0.00000       0.00000
     -33.03436       0.00000       0.00000
     -32.99536       0.00000       0.00000
     -32.95536       0.00000       0.00000
     -32.91636       0.00000       0.00000
     -32.87636       0.00000       0.00000
     -32.83736       0.00000       0.00000
     -32.79736       0.00000       0.00000
     -32.75836       0.00000       0.00000
     -32.71936       0.00000       0.00000
     -32.67936       0.00000       0.00000
     -32.64036       0.00000       0.00000
     -32.60036       0.00000       0.00000
     -32.56136       0.00000       0.00000
     -32.52136       0.00000       0.00000
     -32.48236       0.00000       0.00000
     -32.44236       0.00000       0.00000
     -32.40336       0.00000       0.00000
     -32.36336       0.00000       0.00000
     -32.32436       0.00000       0.00000
     -32.28436       0.00000       0.00000
     -32.24536       0.00000       0.00000
     -32.20636       0.00000       0.00000
     -32.16636       0.00000       0.00000
     -32.12736       0.00000       0.00000
     -32.08736       0.00000       0.00000
     -32.04836       0.00000       0.00000
     -32.00836       0.00000       0.00000
     -31.96936       0.00000       0.00000
     -31.92936       0.00000       0.00000
     -31.89036       0.00000       0.00000
     -31.85036       0.00000       0.00000
     -31.81136       0.00000       0.00000
     -31.77136       0.00000       0.00000
     -31.73236       0.00000       0.00000
     -31.69336       0.00000       0.00000
     -31.65336       0.00000       0.00000
     -31.61436       0.00000       0.00000
     -31.57436       0.00000       0.00000
     -31.53536       0.00000       0.00000
     -31.49536       0.00000       0.00000
     -31.45636       0.00000       0.00000
     -31.41636       0.00000       0.00000
     -31.37736       0.00000       0.00000
     -31.33736       0.00000       0.00000
     -31.29836       0.00000       0.00000
     -31.25836       0.00000       0.00000
     -31.21936       0.00000       0.00000
     -31.18036       0.00000       0.00000
     -31.14036       0.00000       0.00000
     -31.10136       0.00000       0.00000
     -31.06136       0.00000       0.00000
     -31.02236       0.00000       0.00000
     -30.98236       0.00000       0.00000
     -30.94336       0.00000       0.00000
     -30.90336       0.00000       0.00000
     -30.86436       0.00000       0.00000
     -30.82436       0.00000       0.00000
     -30.78536       0.00000       0.00000
     -30.74536       0.00000       0.00000
     -30.70636       0.00000       0.00000
     -30.66736       0.00000       0.00000
     -30.62736       0.00000       0.00000
     -30.58836       0.00000       0.00000
     -30.54836       0.00000       0.00000
     -30.50936       0.00000       0.00000
     -30.46936       0.00000       0.00000
     -30.43036       0.00000       0.00000
     -30.39036       0.00000       0.00000
     -30.35136       0.00000       0.00000
     -30.31136       0.00000       0.00000
     -30.27236       0.00000       0.00000
     -30.23236       0.00000       0.00000
     -30.19336       0.00000       0.00000
     -30.15436       0.00000       0.00000
     -30.11436       0.00000       0.00000
     -30.07536       0.00000       0.00000
     -30.03536       0.00000       0.00000
     -29.99636       0.00000       0.00000
     -29.95636       0.00000       0.00000
     -29.91736       0.00000       0.00000
     -29.87736       0.00000       0.00000
     -29.83836       0.00000       0.00000
     -29.79836       0.00000       0.00000
     -29.75936       0.00000       0.00000
     -29.71936       0.00000       0.00000
     -29.68036       0.00000       0.00000
     -29.64036       0.00000       0.00000
     -29.60136       0.00000       0.00000
     -29.56236       0.00000       0.00000
     -29.52236       0.00000       0.00000
     -29.48336       0.00000       0.00000
     -29.44336       0.00000       0.00000
     -29.40436       0.00000       0.00000
     -29.36436       0.00000       0.00000
     -29.32536       0.00000       0.00000
     -29.28536       0.00000       0.00000
     -29.24636       0.00000       0.00000
     -29.20636       0.00000       0.00000
     -29.16736       0.00000       0.00000
     -29.12736       0.00000       0.00000
     -29.08836       0.00000       0.00000
     -29.04936       0.00000       0.00000
     -29.00936       0.00000       0.00000
     -28.97036       0.00000       0.00000
     -28.93036       0.00000       0.00000
     -28.89136       0.00000       0.00000
     -28.85136       0.00000       0.00000
     -28.81236       0.00000       0.00000
     -28.77236       0.00000       0.00000
     -28.73336       0.00000       0.00000
     -28.69336       0.00000       0.00000
     -28.65436       0.00000       0.00000
     -28.61436       0.00000       0.00000
     -28.57536       0.00000       0.00000
     -28.53636       0.00000       0.00000
     -28.49636       0.00000       0.00000
     -28.45736       0.00000       0.00000
     -28.41736       0.00000       0.00000
     -28.37836       0.00000       0.00000
     -28.33836       0.00000       0.00000
     -28.29936       0.00000       0.00000
     -28.25936       0.00000       0.00000
     -28.22036       0.00000       0.00000
     -28.18036       0.00000       0.00000
     -28.14136       0.00000       0.00000
     -28.10136       0.00000       0.00000
     -28.06236       0.00000       0.00000
     -28.02336       0.00000       0.00000
     -27.98336       0.00000       0.00000
     -27.94436       0.00000       0.00000
     -27.90436       0.00000       0.00000
     -27.86536       0.00000       0.00000
     -27.82536       0.00000       0.00000
     -27.78636       0.00000       0.00000
     -27.74636       0.00000       0.00000
     -27.70736       0.00000       0.00000
     -27.66736       0.00000       0.00000
     -27.62836       0.00000       0.00000
     -27.58836       0.00000       0.00000
     -27.54936       0.00000       0.00000
     -27.51036       0.00000       0.00000
     -27.47036       0.00000       0.00000
     -27.43136       0.00000       0.00000
     -27.39136       0.00000       0.00000
     -27.35236       0.00000       0.00000
     -27.31236       0.00000       0.00000
     -27.27336       0.00000       0.00000
     -27.23336       0.00000       0.00000
     -27.19436       0.00000       0.00000
     -27.15436       0.00000       0.00000
     -27.11536       0.00000       0.00000
     -27.07536       0.00000       0.00000
     -27.03636       0.00000       0.00000
     -26.99736       0.00000       0.00000
     -26.95736       0.00000       0.00000
     -26.91836       0.00000       0.00000
     -26.87836       0.00000       0.00000
     -26.83936       0.00000       0.00000
     -26.79936       0.00000       0.00000
     -26.76036       0.00000       0.00000
     -26.72036       0.00000       0.00000
     -26.68136       0.00000       0.00000
     -26.64136       0.00000       0.00000
     -26.60236       0.00000       0.00000
     -26.56236       0.00000       0.00000
     -26.52336       0.00000       0.00000
     -26.48436       0.00000       0.00000
     -26.44436       0.00000       0.00000
     -26.40536       0.00000       0.00000
     -26.36536       0.00000       0.00000
     -26.32636       0.00000       0.00000
     -26.28636       0.00000       0.00000
     -26.24736       0.00000       0.00000
     -26.20736       0.00000       0.00000
     -26.16836       0.00000       0.00000
     -26.12836       0.00000       0.00000
     -26.08936       0.00000       0.00000
     -26.04936       0.00000       0.00000
     -26.01036       0.00000       0.00000
     -25.97136       0.00000       0.00000
     -25.93136       0.00000       0.00000
     -25.89236       0.00000       0.00000
     -25.85236       0.00000       0.00000
     -25.81336       0.00000       0.00000
     -25.77336       0.00000       0.00000
     -25.73436       0.00000       0.00000
     -25.69436       0.00000       0.00000
     -25.65536       0.00000       0.00000
     -25.61536       0.00000       0.00000
     -25.57636       0.00000       0.00000
     -25.53636       0.00000       0.00000
     -25.49736       0.00000       0.00000
     -25.45836       0.00000       0.00000
     -25.41836       0.00000       0.00000
     -25.37936       0.00000       0.00000
     -25.33936       0.00000       0.00000
     -25.30036       0.00000       0.00000
     -25.26036       0.00000       0.00000
     -25.22136       0.00000       0.00000
     -25.18136       0.00000       0.00000
     -25.14236       0.00000       0.00000
     -25.10236       0.00000       0.00000
     -25.06336       0.00000       0.00000
     -25.02336       0.00000       0.00000
     -24.98436       0.00000       0.00000
     -24.94536       0.00000       0.00000
     -24.90536       0.00000       0.00000
     -24.86636       0.00000       0.00000
     -24.82636       0.00000       0.00000
     -24.78736       0.00000       0.00000
     -24.74736       0.00000       0.00000
     -24.70836       0.00000       0.00000
     -24.66836       0.00000       0.00000
     -24.62936       0.00000       0.00000
     -24.58936       0.00000       0.00000
     -24.55036       0.00000       0.00000
     -24.51036       0.00000       0.00000
     -24.47136       0.00000       0.00000
     -24.43236       0.00000       0.00000
     -24.39236       0.00000       0.00000
     -24.35336       0.00000       0.00000
     -24.31336       0.00000       0.00000
     -24.27436       0.00000       0.00000
     -24.23436       0.00000       0.00000
     -24.19536       0.00000       0.00000
     -24.15536       0.00000       0.00000
     -24.11636       0.00000       0.00000
     -24.07636       0.00000       0.00000
     -24.03736       0.00000       0.00000
     -23.99736       0.00000       0.00000
     -23.95836       0.00000       0.00000
     -23.91936       0.00000       0.00000
     -23.87936       0.00000       0.00000
     -23.84036       0.00000       0.00000
     -23.80036       0.00000       0.00000
     -23.76136       0.00000       0.00000
     -23.72136       0.00000       0.00000
     -23.68236       0.00000       0.00000
     -23.64236       0.00000       0.00000
     -23.60336       0.00000       0.00000
     -23.56336       0.00000       0.00000
     -23.52436       0.00000       0.00000
     -23.48436       0.00000       0.00000
     -23.44536       0.00000       0.00000
     -23.40636       0.00000       0.00000
     -23.36636       0.00000       0.00000
     -23.32736       0.00000       0.00000
     -23.28736       0.00000       0.00000
     -23.24836       0.00000       0.00000
     -23.20836       0.00000       0.00000
     -23.16936       0.00000       0.00000
     -23.12936       0.00000       0.00000
     -23.09036       0.00000       0.00000
     -23.05036       0.00000       0.00000
     -23.01136       0.00000       0.00000
     -22.97136       0.00000       0.00000
     -22.93236       0.00000       0.00000
     -22.89336       0.00000       0.00000
     -22.85336       0.00000       0.00000
     -22.81436       0.00000       0.00000
     -22.77436       0.00000       0.00000
     -22.73536       0.00000       0.00000
     -22.69536       0.00000       0.00000
     -22.65636       0.00000       0.00000
     -22.61636       0.00000       0.00000
     -22.57736       0.00000       0.00000
     -22.53736       0.00000       0.00000
     -22.49836       0.00000       0.00000
     -22.45836       0.00000       0.00000
     -22.41936       0.00000       0.00000
     -22.37936       0.00000       0.00000
     -22.34036       0.00000       0.00000
     -22.30136       0.00000       0.00000
     -22.26136       0.00000       0.00000
     -22.22236       0.00000       0.00000
     -22.18236       0.00000       0.00000
     -22.14336       0.00000       0.00000
     -22.10336       0.00000       0.00000
     -22.06436       0.00000       0.00000
     -22.02436       0.00000       0.00000
     -21.98536       0.00000       0.00000
     -21.94536       0.00000       0.00000
     -21.90636       0.00000       0.00000
     -21.86636       0.00000       0.00000
     -21.82736       0.00000       0.00000
     -21.78836       0.00000       0.00000
     -21.74836       0.00000       0.00000
     -21.70936       0.00000       0.00000
     -21.66936       0.00000       0.00000
     -21.63036       0.00000       0.00000
     -21.59036       0.00000       0.00000
     -21.55136       0.00000       0.00000
     -21.51136       0.00000       0.00000
     -21.47236       0.00000       0.00000
     -21.43236       0.00000       0.00000
     -21.39336       0.00000       0.00000
     -21.35336       0.00000       0.00000
     -21.31436       0.00000       0.00000
     -21.27536       0.00000       0.00000
     -21.23536       0.00000       0.00000
     -21.19636       0.00000       0.00000
     -21.15636       0.00000       0.00000
     -21.11736       0.00000       0.00000
     -21.07736       0.00000       0.00000
     -21.03836       0.00000       0.00000
     -20.99836       0.00000       0.00000
     -20.95936       0.00000       0.00000
     -20.91936       0.00000       0.00000
     -20.88036       0.00000       0.00000
     -20.84036       0.00000       0.00000
     -20.80136       0.00000       0.00000
     -20.76236       0.00000       0.00000
     -20.72236       0.00000       0.00000
     -20.68336       0.00000       0.00000
     -20.64336       0.00000       0.00000
     -20.60436       0.00000       0.00000
     -20.56436       0.00000       0.00000
     -20.52536       0.00000       0.00000
     -20.48536       0.00000       0.00000
     -20.44636       0.00000       0.00000
     -20.40636       0.00000       0.00000
     -20.36736       0.00000       0.00000
     -20.32736       0.00000       0.00000
     -20.28836       0.00000       0.00000
     -20.24936       0.00000       0.00000
     -20.20936       0.00000       0.00000
     -20.17036       0.00000       0.00000
     -20.13036       0.00000       0.00000
     -20.09136       0.00000       0.00000
     -20.05136       0.00000       0.00000
     -20.01236       0.00000       0.00000
     -19.97236       0.00000       0.00000
     -19.93336       0.00000       0.00000
     -19.89336       0.00000       0.00000
     -19.85436       0.00000       0.00000
     -19.81436       0.00000       0.00000
     -19.77536       0.00000       0.00000
     -19.73636       0.00000       0.00000
     -19.69636       0.00000       0.00000
     -19.65736       0.00000       0.00000
     -19.61736       0.00000       0.00000
     -19.57836       0.00000       0.00000
     -19.53836       0.00000       0.00000
     -19.49936       0.00000       0.00000
     -19.45936       0.00000       0.00000
     -19.42036       0.00000       0.00000
     -19.38036       0.00000       0.00000
     -19.34136       0.00000       0.00000
     -19.30136       0.00000       0.00000
     -19.26236       0.00000       0.00000
     -19.22336       0.00000       0.00000
     -19.18336       0.00000       0.00000
     -19.14436       0.00000       0.00000
     -19.10436       0.00000       0.00000
     -19.06536       0.00000       0.00000
     -19.02536       0.00000       0.00000
     -18.98636       0.00000       0.00000
     -18.94636       0.00000       0.00000
     -18.90736       0.00000       0.00000
     -18.86736       0.00000       0.00000
     -18.82836       0.00000       0.00000
     -18.78836       0.00000       0.00000
     -18.74936       0.00000       0.00000
     -18.71036       0.00000       0.00000
     -18.67036       0.00000       0.00000
     -18.63136       0.00000       0.00000
     -18.59136       0.00000       0.00000
     -18.55236       0.00000       0.00000
     -18.51236       0.00000       0.00000
     -18.47336       0.00000       0.00000
     -18.43336       0.00000       0.00000
     -18.39436       0.00000       0.00000
     -18.35436       0.00000       0.00000
     -18.31536       0.00000       0.00000
     -18.27536       0.00000       0.00000
     -18.23636       0.00000       0.00000
     -18.19736       0.00000       0.00000
     -18.15736       0.00000       0.00000
     -18.11836       0.00000       0.00000
     -18.07836       0.00000       0.00000
     -18.03936       0.00000       0.00000
     -17.99936       0.00000       0.00000
     -17.96036       0.00000       0.00000
     -17.92036       0.00000       0.00000
     -17.88136       0.00000       0.00000
     -17.84136       0.00000       0.00000
     -17.80236       0.00000       0.00000
     -17.76236       0.00000       0.00000
     -17.72336       0.00000       0.00000
     -17.68436       0.00000       0.00000
     -17.64436       0.00000       0.00000
     -17.60536       0.00000       0.00000
     -17.56536       0.00000       0.00000
     -17.52636       0.00000       0.00000
     -17.48636       0.00000       0.00000
     -17.44736       0.00000       0.00000
     -17.40736       0.00000       0.00000
     -17.36836       0.00000       0.00000
     -17.32836       0.00000       0.00000
     -17.28936       0.00000       0.00000
     -17.24936       0.00000       0.00000
     -17.21036       0.00000       0.00000
     -17.17136       0.00000       0.00000
     -17.13136       0.00000       0.00000
     -17.09236       0.00000       0.00000
     -17.05236       0.00000       0.00000
     -17.01336       0.00000       0.00000
     -16.97336       0.00000       0.00000
     -16.93436       0.00000       0.00000
     -16.89436       0.00000       0.00000
     -16.85536       0.00000       0.00000
     -16.81536       0.00000       0.00000
     -16.77636       0.00000       0.00000
     -16.73636       0.00000       0.00000
     -16.69736       0.00000       0.00000
     -16.65836       0.00000       0.00000
     -16.61836       0.00000       0.00000
     -16.57936       0.00000       0.00000
     -16.53936       0.00000       0.00000
     -16.50036       0.00000       0.00000
     -16.46036       0.00000       0.00000
     -16.42136       0.00000       0.00000
     -16.38136       0.00000       0.00000
     -16.34236       0.00000       0.00000
     -16.30236       0.00000       0.00000
     -16.26336       0.00000       0.00000
     -16.22336       0.00000       0.00000
     -16.18436       0.00000       0.00000
     -16.14536       0.00000       0.00000
     -16.10536       0.00000       0.00000
     -16.06636       0.00000       0.00000
     -16.02636       0.00000       0.00000
     -15.98736       0.00000       0.00000
     -15.94736       0.00000       0.00000
     -15.90836       0.00000       0.00000
     -15.86836       0.00000       0.00000
     -15.82936       0.00000       0.00000
     -15.78936       0.00000       0.00000
     -15.75036       0.00000       0.00000
     -15.71036       0.00000       0.00000
     -15.67136       0.00000       0.00000
     -15.63236       0.00000       0.00000
     -15.59236       0.00000       0.00000
     -15.55336       0.00000       0.00000
     -15.51336       0.00000       0.00000
     -15.47436       0.00000       0.00000
     -15.43436       0.00000       0.00000
     -15.39536       0.00000       0.00000
     -15.35536       0.00000       0.00000
     -15.31636       0.00000       0.00000
     -15.27636       0.00000       0.00000
     -15.23736       0.00000       0.00000
     -15.19736       0.00000       0.00000
     -15.15836       0.00000       0.00000
     -15.11836       0.00000       0.00000
     -15.07936       0.00000       0.00000
     -15.04036       0.00000       0.00000
     -15.00036       0.00000       0.00000
     -14.96136       0.00000       0.00000
     -14.92136       0.00000       0.00000
     -14.88236       0.00000       0.00000
     -14.84236       0.00000       0.00000
     -14.80336       0.00000       0.00000
     -14.76336       0.00000       0.00000
     -14.72436       0.00000       0.00000
     -14.68436       0.00000       0.00000
     -14.64536       0.00000       0.00000
     -14.60536       0.00000       0.00000
     -14.56636       0.00000       0.00000
     -14.52736       0.00000       0.00000
     -14.48736       0.00000       0.00000
     -14.44836       0.00000       0.00000
     -14.40836       0.00000       0.00000
     -14.36936       0.00000       0.00000
     -14.32936       0.00000       0.00000
     -14.29036       0.00000       0.00000
     -14.25036       0.00000       0.00000
     -14.21136       0.00000       0.00000
     -14.17136       0.00000       0.00000
     -14.13236       0.00000       0.00000
     -14.09236       0.00000       0.00000
     -14.05336       0.00000       0.00000
     -14.01436       0.00000       0.00000
     -13.97436       0.00000       0.00000
     -13.93536       0.00000       0.00000
     -13.89536       0.00000       0.00000
     -13.85636       0.00000       0.00000
     -13.81636       0.00000       0.00000
     -13.77736       0.00000       0.00000
     -13.73736       0.00000       0.00000
     -13.69836       0.00000       0.00000
     -13.65836       0.00000       0.00000
     -13.61936       0.00000       0.00000
     -13.57936       0.00000       0.00000
     -13.54036       0.00000       0.00000
     -13.50136       0.00000       0.00000
     -13.46136       0.00000       0.00000
     -13.42236       0.00000       0.00000
     -13.38236       0.00000       0.00000
     -13.34336       0.00000       0.00000
     -13.30336       0.00000       0.00000
     -13.26436       0.00000       0.00000
     -13.22436       0.00000       0.00000
     -13.18536       0.00000       0.00000
     -13.14536       0.00000       0.00000
     -13.10636       0.00000       0.00000
     -13.06636       0.00000       0.00000
     -13.02736       0.00000       0.00000
     -12.98836       0.00000       0.00000
     -12.94836       0.00000       0.00000
     -12.90936       0.00000       0.00000
     -12.86936       0.00000       0.00000
     -12.83036       0.00000       0.00000
     -12.79036       0.00000       0.00000
     -12.75136       0.00000       0.00000
     -12.71136       0.00000       0.00000
     -12.67236       0.00000       0.00000
     -12.63236       0.00000       0.00000
     -12.59336       0.00000       0.00000
     -12.55336       0.00000       0.00000
     -12.51436       0.00000       0.00000
     -12.47536       0.00000       0.00000
     -12.43536       0.00000       0.00000
     -12.39636       0.00000       0.00000
     -12.35636       0.00000       0.00000
     -12.31736       0.00000       0.00000
     -12.27736       0.00000       0.00000
     -12.23836       0.00000       0.00000
     -12.19836       0.00000       0.00000
     -12.15936       0.00000       0.00000
     -12.11936       0.00000       0.00000
     -12.08036       0.00000       0.00000
     -12.04036       0.00000       0.00000
     -12.00136       0.00000       0.00000
     -11.96236       0.00000       0.00000
     -11.92236       0.00000       0.00000
     -11.88336       0.00000       0.00000
     -11.84336       0.00000       0.00000
     -11.80436       0.00000       0.00000
     -11.76436       0.00000       0.00000
     -11.72536       0.00000       0.00000
     -11.68536       0.00000       0.00000
     -11.64636       0.00000       0.00000
     -11.60636       0.00000       0.00000
     -11.56736       0.00000       0.00000
     -11.52736       0.00000       0.00000
     -11.48836       0.00000       0.00000
     -11.44936       0.00000       0.00000
     -11.40936       0.00000       0.00000
     -11.37036       0.00000       0.00000
     -11.33036       0.00000       0.00000
     -11.29136       0.00000       0.00000
     -11.25136       0.00000       0.00000
     -11.21236       0.00000       0.00000
     -11.17236       0.00000       0.00000
     -11.13336       0.00000       0.00000
     -11.09336       0.00000       0.00000
     -11.05436       0.00000       0.00000
     -11.01436       0.00000       0.00000
     -10.97536       0.00000       0.00000
     -10.93636       0.00000       0.00000
     -10.89636       0.00000       0.00000
     -10.85736       0.00000       0.00000
     -10.81736       0.00000       0.00000
     -10.77836       0.00000       0.00000
     -10.73836       0.00000       0.00000
     -10.69936       0.00000       0.00000
     -10.65936       0.00000       0.00000
     -10.62036       0.00000       0.00000
     -10.58036       0.00000       0.00000
     -10.54136       0.00000       0.00000
     -10.50136       0.00000       0.00000
     -10.46236       0.00000       0.00000
     -10.42336       0.00000       0.00000
     -10.38336       0.00000       0.00000
     -10.34436       0.00000       0.00000
     -10.30436       0.00000       0.00000
     -10.26536       0.00000       0.00000
     -10.22536       0.00000       0.00000
     -10.18636       0.00000       0.00000
     -10.14636       0.00000       0.00000
     -10.10736       0.00000       0.00000
     -10.06736       0.02442      -0.02181
     -10.02836       3.17100      -3.14100
      -9.98836      13.51000     -13.48000
      -9.94936      12.15000     -11.58000
      -9.91036       0.00000       0.00000
      -9.87036      17.44000     -17.46000
      -9.83136      32.30000     -33.93000
      -9.79136       2.53800      -2.59600
      -9.75236      22.43000     -22.51000
      -9.71236      39.86000     -39.53000
      -9.67336       0.00000      -0.47840
      -9.63336       0.00000       0.00000
      -9.59436      24.00000     -23.89000
      -9.55436       1.51500      -1.53900
      -9.51536       0.00000       0.00000
      -9.47536       0.00000       0.00000
      -9.43636       0.00000       0.00000
      -9.39736       0.00000       0.00000
      -9.35736       0.00000       0.00000
      -9.31836       0.00000       0.00000
      -9.27836       0.00000       0.00000
      -9.23936       0.00000       0.00000
      -9.19936      29.52000     -29.53000
      -9.16036      37.02000     -37.03000
      -9.12036      46.17000     -46.54000
      -9.08136      30.98000     -31.01000
      -9.04136      52.40000     -52.53000
      -9.00236      57.95000     -59.73000
      -8.96236      45.92000     -45.98000
      -8.92336      50.63000     -50.82000
      -8.88436      64.80000     -64.80000
      -8.84436      50.66000     -50.67000
      -8.80536      70.42000     -70.45000
      -8.76536      64.85000     -64.87000
      -8.72636       0.00000       0.00000
      -8.68636       0.00000       0.00000
      -8.64736       0.00000       0.00000
      -8.60736       0.00000       0.00000
      -8.56836       0.00000       0.00000
      -8.52836       0.00000       0.00000
      -8.48936       0.00000       0.00000
      -8.44936       0.00000       0.00000
      -8.41036       0.00000       0.00000
      -8.37136       0.00000       0.00000
      -8.33136       0.00000       0.00000
      -8.29236       0.00000       0.00000
      -8.25236       0.00000       0.00000
      -8.21336       0.00000       0.00000
      -8.17336       0.00000       0.00000
      -8.13436       0.00000       0.00000
      -8.09436       0.00000       0.00000
      -8.05536       0.00000       0.00000
      -8.01536       0.00000       0.00000
      -7.97636       0.00000       0.00000
      -7.93636       0.00000       0.00000
      -7.89736       0.00000       0.00000
      -7.85836       0.00000       0.00000
      -7.81836       0.00000       0.00000
      -7.77936       0.00000       0.00000
      -7.73936       0.00000       0.00000
      -7.70036       0.00000       0.00000
      -7.66036       0.00000       0.00000
      -7.62136       0.00000       0.00000
      -7.58136       0.00000       0.00000
      -7.54236       0.00000       0.00000
      -7.50236       0.00000       0.00000
      -7.46336       0.00000       0.00000
      -7.42336       0.00000       0.00000
      -7.38436       0.00000       0.00000
      -7.34436       0.00000       0.00000
      -7.30536       0.00000       0.00000
      -7.26636       0.00000       0.00000
      -7.22636       0.00000       0.00000
      -7.18736       0.00000       0.00000
      -7.14736       0.00000       0.00000
      -7.10836       0.00000       0.00000
      -7.06836       0.00000       0.00000
      -7.02936       0.00000       0.00000
      -6.98936       0.00000       0.00000
      -6.95036       0.00000       0.00000
      -6.91036       0.00000       0.00000
      -6.87136       0.00000       0.00000
      -6.83136       0.00000       0.00000
      -6.79236       0.00000       0.00000
      -6.75336       0.00000       0.00000
      -6.71336       0.00000       0.00000
      -6.67436       0.00000       0.00000
      -6.63436       0.00000       0.00000
      -6.59536       0.00000       0.00000
      -6.55536       0.00000       0.00000
      -6.51636       0.00000       0.00000
      -6.47636       0.00000       0.00000
      -6.43736       0.00000       0.00000
      -6.39736       0.00000       0.00000
      -6.35836       0.00000       0.00000
      -6.31836       0.00000       0.00000
      -6.27936       0.00000       0.00000
      -6.24036       0.00000       0.00000
      -6.20036       0.00000       0.00000
      -6.16136       0.00000       0.00000
      -6.12136       0.00000       0.00000
      -6.08236       0.00000       0.00000
      -6.04236       0.00000       0.00000
      -6.00336       0.00000       0.00000
      -5.96336       0.00000       0.00000
      -5.92436       0.00000       0.00000
      -5.88436       0.00000       0.00000
      -5.84536       0.00000       0.00000
      -5.80536       0.00000       0.00000
      -5.76636       0.00000       0.00000
      -5.72736       0.00000       0.00000
      -5.68736       0.00000       0.00000
      -5.64836       0.00000       0.00000
      -5.60836       0.00000       0.00000
      -5.56936       0.00000       0.00000
      -5.52936       0.00000       0.00000
      -5.49036       0.00000       0.00000
      -5.45036       0.00000       0.00000
      -5.41136       0.00000       0.00000
      -5.37136       0.00000       0.00000
      -5.33236       0.00000       0.00000
      -5.29236       0.00000       0.00000
      -5.25336       0.00000       0.00000
      -5.21436       0.00000       0.00000
      -5.17436       0.00000       0.00000
      -5.13536       0.00000       0.00000
      -5.09536       0.00000       0.00000
      -5.05636       0.00000       0.00000
      -5.01636       0.00000       0.00000
      -4.97736       0.00000       0.00000
      -4.93736       0.00000       0.00000
      -4.89836       0.00000       0.00000
      -4.85836       0.00000       0.00000
      -4.81936       0.00000       0.00000
      -4.77936       0.00000       0.00000
      -4.74036       0.00000       0.00000
      -4.70136       0.00000       0.00000
      -4.66136       0.00000       0.00000
      -4.62236       0.00000       0.00000
      -4.58236       0.00000       0.00000
      -4.54336       0.00000       0.00000
      -4.50336       0.00000       0.00000
      -4.46436       0.00000       0.00000
      -4.42436       0.00000       0.00000
      -4.38536       0.00000       0.00000
      -4.34536       0.00000       0.00000
      -4.30636      26.73000     -27.32000
      -4.26636      30.61000     -30.96000
      -4.22736      29.88000     -31.49000
      -4.18836       1.13300      -1.32300
      -4.14836       6.09600      -5.82100
      -4.10936      16.47000     -24.15000
      -4.06936      28.49000     -27.30000
      -4.03036      35.06000     -35.23000
      -3.99036       1.75700      -1.84200
      -3.95136       0.00000       0.00000
      -3.91136       0.00000       0.00000
      -3.87236       0.00000       0.00000
      -3.83236       0.00000       0.00000
      -3.79336       0.00000       0.00000
      -3.75336       0.00000       0.00000
      -3.71436       0.00000       0.00000
      -3.67536       0.00000       0.00000
      -3.63536       0.00000       0.00000
      -3.59636       0.00000       0.00000
      -3.55636       0.00000       0.00000
      -3.51736       0.00000       0.00000
      -3.47736       0.00000       0.00000
      -3.43836       0.00000       0.00000
      -3.39836      15.62000     -15.74000
      -3.35936      19.27000     -19.24000
      -3.31936      17.85000     -15.82000
      -3.28036       9.53100      -9.04000
      -3.24036      17.65000     -18.52000
      -3.20136      32.57000     -32.65000
      -3.16236      60.60000     -48.18000
      -3.12236      18.83000     -19.04000
      -3.08336      18.16000     -17.30000
      -3.04336      17.15000     -17.10000
      -3.00436      31.47000     -31.02000
      -2.96436      24.07000     -23.79000
      -2.92536      27.63000     -27.54000
      -2.88536      25.93000     -26.03000
      -2.84636      25.31000     -25.19000
      -2.80636      22.30000     -22.56000
      -2.76736      25.40000     -25.15000
      -2.72736      16.41000     -17.03000
      -2.68836      21.88000     -21.96000
      -2.64936      32.18000     -31.76000
      -2.60936      20.10000     -20.27000
      -2.57036      15.89000     -16.13000
      -2.53036      28.95000     -28.36000
      -2.49136      14.26000     -14.11000
      -2.45136      28.10000     -28.78000
      -2.41236      27.78000     -27.67000
      -2.37236      31.53000     -31.45000
      -2.33336      23.74000     -23.53000
      -2.29336      13.15000     -12.96000
      -2.25436      27.74000     -27.88000
      -2.21436      32.00000     -32.18000
      -2.17536      34.76000     -31.91000
      -2.13636      27.31000     -26.64000
      -2.09636      32.10000     -32.13000
      -2.05736      23.39000     -23.16000
      -2.01736      24.86000     -24.80000
      -1.97836      22.92000     -22.99000
      -1.93836      27.53000     -27.51000
      -1.89936      16.94000     -16.72000
      -1.85936      22.31000     -21.53000
      -1.82036      22.44000     -22.50000
      -1.78036      24.70000     -24.17000
      -1.74136      13.04000     -12.59000
      -1.70136      35.67000     -35.87000
      -1.66236      52.51000     -55.01000
      -1.62336      12.78000     -12.61000
      -1.58336      43.53000     -41.11000
      -1.54436      43.00000     -43.34000
      -1.50436      36.09000     -36.59000
      -1.46536      37.15000     -36.91000
      -1.42536      39.95000     -40.28000
      -1.38636      25.69000     -25.35000
      -1.34636      29.34000     -29.29000
      -1.30736      33.81000     -33.70000
      -1.26736      36.11000     -36.08000
      -1.22836      34.67000     -35.14000
      -1.18836      40.74000     -39.45000
      -1.14936      30.78000     -30.56000
      -1.11036      29.21000     -29.28000
      -1.07036      33.71000     -33.64000
      -1.03136      32.85000     -32.82000
      -0.99136      30.32000     -30.60000
      -0.95236      31.53000     -31.50000
      -0.91236      34.29000     -34.32000
      -0.87336      34.71000     -34.71000
      -0.83336      20.97000     -20.26000
      -0.79436      32.46000     -32.71000
      -0.75436      24.77000     -24.85000
      -0.71536      24.22000     -24.17000
      -0.67536      29.94000     -29.66000
      -0.63636      33.51000     -33.69000
      -0.59736      25.83000     -26.07000
      -0.55736      28.41000     -28.62000
      -0.51836      34.72000     -34.72000
      -0.47836      22.39000     -22.55000
      -0.43936      22.03000     -22.03000
      -0.39936      21.39000     -21.45000
      -0.36036      18.92000     -18.85000
      -0.32036      18.90000     -18.92000
      -0.28136       8.32200      -8.39300
      -0.24136      15.80000     -15.51000
      -0.20236       7.81600      -7.84600
      -0.16236       7.85600      -7.86000
      -0.12336       7.32000      -7.32800
      -0.08336       5.89200      -5.90200
      -0.04436       0.04633      -0.04740
      -0.00536       0.00000       0.00000
       0.03464       0.00000       0.00000
       0.07364       0.00000       0.00000
       0.11364       0.00000       0.00000
       0.15264       0.00000       0.00000
       0.19264       0.00000       0.00000
       0.23164       0.00000       0.00000
       0.27164       0.00000       0.00000
       0.31064       0.00000       0.00000
       0.35064       0.00000       0.00000
       0.38964       0.00000       0.00000
       0.42964       0.00000       0.00000
       0.46864       0.00000       0.00000
       0.50764       0.00000       0.00000
       0.54764       0.00000       0.00000
       0.58664       0.00000       0.00000
       0.62664       0.00000       0.00000
       0.66564       0.00000       0.00000
       0.70564       0.00000       0.00000
       0.74464       0.00000       0.00000
       0.78464       0.00000       0.00000
       0.82364       0.00000       0.00000
       0.86364       0.00000       0.00000
       0.90264       0.00000       0.00000
       0.94264       0.00000       0.00000
       0.98164       0.00000       0.00000
       1.02064       0.00000       0.00000
       1.06064       0.00000       0.00000
       1.09964       0.00000       0.00000
       1.13964       0.00000       0.00000
       1.17864       0.00000       0.00000
       1.21864       0.00000       0.00000
       1.25764       0.00000       0.00000
       1.29764       0.00000       0.00000
       1.33664       0.00000       0.00000
       1.37664       0.00000       0.00000
       1.41564       0.00000       0.00000
       1.45564       0.00000       0.00000
       1.49464       0.00000       0.00000
       1.53364       0.00000       0.00000
       1.57364       0.00000       0.00000
       1.61264       0.00000       0.00000
       1.65264       0.00000       0.00000
       1.69164       0.00044      -0.00012
       1.73164       0.06268      -0.05700
       1.77064       0.25400      -0.24200
       1.81064       0.58050      -0.56230
       1.84964       1.04700      -1.02300
       1.88964       1.57900      -1.55500
       1.92864       2.12100      -2.09700
       1.96864       2.67500      -2.65000
       2.00764       3.23900      -3.21400
       2.04664       4.90600      -4.78800
       2.08664       7.28600      -7.19400
       2.12564       9.51100      -9.38100
       2.16564      14.10000     -14.22000
       2.20464      13.94000     -13.96000
       2.24464       9.96100     -10.25000
       2.28364       6.43000      -6.39400
       2.32364       1.49000      -1.44500
       2.36264       2.57300      -2.53300
       2.40264       3.55700      -3.52100
       2.44164       4.44100      -4.41000
       2.48164      17.22000     -23.13000
       2.52064      14.03000     -29.38000
       2.55964      11.37000     -11.23000
       2.59964      13.71000     -14.40000
       2.63864      25.67000     -25.92000
       2.67864      17.52000     -17.68000
       2.71764      16.78000     -16.72000
       2.75764      17.05000     -17.05000
       2.79664      22.48000     -22.19000
       2.83664      14.89000     -14.66000
       2.87564      23.26000     -24.25000
       2.91564      29.92000     -28.39000
       2.95464      22.65000     -23.83000
       2.99464      26.09000     -25.78000
       3.03364      25.27000     -26.10000
       3.07264      25.82000     -24.76000
       3.11264      19.63000     -19.33000
       3.15164      20.47000     -20.42000
       3.19164      19.68000     -19.61000
       3.23064      42.70000     -41.63000
       3.27064      26.27000     -26.12000
       3.30964      22.48000     -22.83000
       3.34964      20.69000     -20.60000
       3.38864      21.53000     -21.22000
       3.42864      25.12000     -25.15000
       3.46764      25.77000     -25.59000
       3.50764      24.92000     -24.94000
       3.54664      19.58000     -19.35000
       3.58564      21.78000     -21.54000
       3.62564      29.38000     -29.03000
       3.66464      28.25000     -28.37000
       3.70464      28.35000     -28.16000
       3.74364      20.47000     -20.88000
       3.78364      24.25000     -30.77000
       3.82264      38.93000     -38.31000
       3.86264      26.61000     -26.48000
       3.90164      42.76000     -34.35000
       3.94164      22.24000     -23.73000
       3.98064      42.36000     -38.88000
       4.02064      36.56000     -36.25000
       4.05964      29.04000     -29.22000
       4.09864      39.49000     -40.20000
       4.13864      42.13000     -41.89000
       4.17764      32.37000     -32.33000
       4.21764      34.56000     -38.59000
       4.25664      37.82000     -37.59000
       4.29664      32.67000     -32.70000
       4.33564      27.64000     -27.53000
       4.37564      26.58000     -26.79000
       4.41464      27.23000     -27.10000
       4.45464      29.06000     -29.00000
       4.49364      30.15000     -29.99000
       4.53364      32.01000     -32.24000
       4.57264      28.59000     -28.74000
       4.61164      26.52000     -26.45000
       4.65164      27.18000     -27.21000
       4.69064      28.68000     -28.43000
       4.73064      31.55000     -31.58000
       4.76964      32.70000     -32.82000
       4.80964      31.21000     -30.88000
       4.84864      28.89000     -29.14000
       4.88864      37.22000     -38.30000
       4.92764      29.17000     -29.14000
       4.96764      30.72000     -30.31000
       5.00664      37.50000     -37.23000
       5.04664      32.57000     -32.24000
       5.08564      33.99000     -33.60000
       5.12464      36.70000     -36.09000
       5.16464      38.19000     -38.32000
       5.20364      35.96000     -38.25000
       5.24364      29.28000     -29.92000
       5.28264      27.73000     -27.54000
       5.32264      25.96000     -26.38000
       5.36164      22.49000     -22.18000
       5.40164      19.46000     -18.79000
       5.44064      21.74000     -20.20000
       5.48064      18.51000     -17.90000
       5.51964      19.00000     -17.56000
       5.55964      20.95000     -22.17000
       5.59864      22.08000     -25.54000
       5.63764      20.39000     -19.31000
       5.67764      18.45000     -18.26000
       5.71664      17.07000     -15.42000
       5.75664      15.32000     -16.73000
       5.79564      15.61000     -13.10000
       5.83564      12.07000      -8.82600
       5.87464      14.58000     -12.48000
       5.91464       7.57900     -10.82000
       5.95364       3.31800      -3.96900
       5.99364       0.00000      -1.41500
       6.03264       0.00000       0.00000
       6.07264       0.00000       0.00000
       6.11164       0.00000       0.00000
       6.15064       0.00000       0.00000
       6.19064       0.00000       0.00000
       6.22964       0.00000       0.00000
       6.26964       0.00000       0.00000
       6.30864       0.00000       0.00000
       6.34864       0.00000       0.00000
       6.38764       0.00000       0.00000
       6.42764       0.00000       0.00000
       6.46664       0.00000       0.00000
       6.50664       0.00000       0.00000
       6.54564       0.00000       0.00000
       6.58564       0.00000       0.00000
       6.62464       0.00000       0.00000
       6.66364       0.00000       0.00000
       6.70364       0.00000       0.00000
       6.74264       0.00000       0.00000
       6.78264       0.00000       0.00000
       6.82164       0.00000       0.00000
       6.86164       0.00000       0.00000
       6.90064       0.00000       0.00000
       6.94064       0.00000       0.00000
       6.97964       0.00000       0.00000
       7.01964       0.00000       0.00000
       7.05864       0.00000       0.00000
       7.09864       0.00000       0.00000
       7.13764       0.00000       0.00000
       7.17764       0.00000       0.00000
       7.21664       0.00000       0.00000
       7.25564       0.00000       0.00000
       7.29564       0.00000       0.00000
       7.33464       0.00000       0.00000
       7.37464       0.00000       0.00000
       7.41364       0.00000       0.00000
       7.45364       0.00000       0.00000
       7.49264       0.00000       0.00000
       7.53264       0.00000       0.00000
       7.57164       0.00000       0.00000
       7.61164       0.00000       0.00000
       7.65064       0.00000       0.00000
       7.69064       0.00000       0.00000
       7.72964       0.00000       0.00000
       7.76864       0.00000       0.00000
       7.80864       0.00000       0.00000
       7.84764       0.00000       0.00000
       7.88764       0.00000       0.00000
       7.92664       0.00000       0.00000
       7.96664       0.00000       0.00000
       8.00564       0.00000       0.00000
       8.04564       0.00000       0.00000
       8.08464       0.00000       0.00000
       8.12464       0.00000       0.00000
       8.16364       0.00000       0.00000
       8.20364       0.00000       0.00000
       8.24264       0.00000       0.00000
       8.28164       0.00000       0.00000
       8.32164       0.00000       0.00000
       8.36064       0.00000       0.00000
       8.40064       0.00000       0.00000
       8.43964       0.00000       0.00000
       8.47964       0.00000       0.00000
       8.51864       0.00000       0.00000
       8.55864       0.00000       0.00000
       8.59764       0.00000       0.00000
       8.63764       0.00000       0.00000
       8.67664       0.00000       0.00000
       8.71664       0.00000       0.00000
